0 0.0 0.0 0.0
1 4.92251832465 36.227835028 11.6152233493
2 11.5020120402 29.7788079125 5.41137323238
3 34.3901193892 13.8648369875 3.94674126552
4 38.6505661129 6.15544867001 8.66157657934
5 18.6604815572 3.64651763753 30.2803159813
6 7.92602187162 5.74507636094 49.0554030305
7 3.94332173116 21.0058780428 27.3089135392
8 3.86364996221 52.7049894886 11.400597398
9 11.7721775784 41.3039512105 5.0681690344
10 41.4130200951 17.8646191637 3.23951784313
11 57.5690509878 7.45554776009 6.01301761076
12 29.4343979587 3.68944632131 23.479355838
13 12.0343904923 3.55529279527 59.9407414384
14 5.24347572558 10.8149492592 47.7556385176
15 3.11826608099 40.3790456806 20.5677380087
16 4.98813305329 64.9901001736 8.44099373062
17 19.2902787529 35.6944557213 3.96507768452
18 57.792548144 14.5636371171 3.15513282172
19 57.3248139592 6.15412279223 8.02626303126
20 25.935903454 3.26064070297 32.0429107046
21 10.50772235 3.87133914845 67.9304949053
22 4.66813328644 13.4797772616 45.1675678894
23 2.99763011346 47.9093534778 18.7947865519
24 5.56966944856 66.4084255837 7.73484274098
25 22.2981018951 33.8548910393 3.7143671194
26 62.5740714682 13.7003998733 3.19315728225
27 56.4829586205 5.82368521405 8.81081181278
28 24.91162406 3.1612488609 34.9696485233
29 10.0856226617 4.00852849256 69.7636584074
30 4.51208466172 14.4221134616 44.2059923086
31 2.9747979975 50.2659968261 18.25406139
32 5.78632294641 66.4815119597 7.52394289015
33 23.3387828025 33.2054657184 3.64175295736
34 63.987912257 13.4130434932 3.21638763062
35 56.0160669974 5.71518617039 9.10595327046
36 24.5195005453 3.13127812847 36.0085747127
37 9.92801119803 4.06896591517 70.2222117296
38 4.45485126955 14.801987839 43.7458461288
39 2.97021204435 51.1466980082 18.0195424784
40 5.88768603101 66.3420494448 7.43384892286
41 23.8038466039 32.8675765436 3.61186778537
42 64.5319257525 13.2692614335 3.23202720439
43 55.6782439362 5.66163858367 9.26090181409
44 24.2884841715 3.11801541042 36.5306758155
45 9.83688949995 4.10739459182 70.347920466
46 4.42236147424 15.0287309165 43.4194102891
47 2.96986582295 51.6391633577 17.8630159296
48 5.95816380809 66.1567794594 7.37439093605
49 24.1169462711 32.6104530696 3.59278798531
50 64.8512761853 13.1622854862 3.24559256768
