1.0 5.12885975712
1.01 7.4997258983
1.02 6.27226018063
1.03 7.30408878357
1.04 5.22453858578
1.05 4.99329918589
1.06 5.40135432382
1.07 5.88013335561
1.08 9.75331513817
1.09 7.8416979086
1.1 13.8940650823
1.11 10.7685503274
1.12 10.9350004309
1.13 9.43402739706
1.14 8.78418650592
1.15 6.93712892649
1.16 5.56592832316
1.17 6.90896022628
1.18 11.374741182
1.19 6.4808739499
1.2 8.73779520629
1.21 6.15689092128
1.22 5.99274964841
1.23 6.10265304429
1.24 6.69819261964
1.25 6.64944770964
1.26 7.08905711002
1.27 7.18517088356
1.28 7.00988603353
1.29 6.59090472304
1.3 3.91084422973
1.31 3.3760558956
1.32 2.99986075639
1.33 2.773032983
1.34 2.68452417376
1.35 2.67695721688
1.36 2.73169249584
1.37 2.99997313576
1.38 3.98592101723
1.39 4.92966374005
1.4 4.68081873033
1.41 4.58219317058
1.42 5.15795797413
1.43 6.3746587751
1.44 9.2773050856
1.45 11.7531474939
1.46 10.8474706028
1.47 5.62068372161
1.48 5.56892740799
1.49 4.89269364499
1.5 4.29544934153
1.51 4.20843450498
1.52 6.30530017049
1.53 5.14771594734
1.54 5.22994110996
1.55 4.88633915515
1.56 4.46745421709
1.57 4.76668280963
1.58 5.11475601144
1.59 7.23327579701
1.6 8.59175269396
1.61 10.7779067555
1.62 7.48716162899
1.63 5.50483394319
1.64 4.62007874268
1.65 4.36063995573
1.66 5.44685692231
1.67 5.60197922806
1.68 6.13150035017
1.69 4.87184010684
1.7 4.51909441811
1.71 4.10845058796
1.72 4.33820910394
1.73 4.79236316339
1.74 5.37971422398
1.75 6.06726717591
1.76 8.49970887097
1.77 7.40371338137
1.78 7.93187665845
1.79 8.21224433023
1.8 10.8690023875
1.81 7.63841791767
1.82 7.60788834772
1.83 7.87227517849
1.84 6.466385348
1.85 5.62615617734
1.86 6.07317492855
1.87 6.36907709864
1.88 7.13187020812
1.89 9.32780454342
1.9 12.0129628243
1.91 6.57671561014
1.92 6.15915269396
1.93 6.25376973081
1.94 6.04574269978
1.95 5.86527612423
1.96 6.32350440703
1.97 7.55869407994
1.98 8.00807670565
1.99 6.29600011979
2.0 4.82364486926
2.01 4.13941279523
2.02 3.67325799175
2.03 3.39018819671
2.04 3.25436410634
2.05 3.16424151046
2.06 3.0615655415
2.07 2.95775554438
2.08 2.88603876276
2.09 2.87686420937
2.1 2.96951728429
2.11 4.50427103106
2.12 3.36545705772
2.13 3.3384091718
2.14 3.40551597478
2.15 3.40079743683
2.16 3.34349619974
2.17 3.28697539182
2.18 3.32768671225
2.19 8.23544648066
2.2 5.97402187615
2.21 4.46514013394
2.22 3.4597756247
2.23 2.85112405649
2.24 2.64283016932
2.25 2.64006849002
2.26 2.7065148668
2.27 2.82485485988
2.28 2.99800409296
2.29 3.2284343518
2.3 3.52999162367
2.31 4.00306106535
2.32 4.92645010794
2.33 6.59409327801
2.34 9.13628927478
2.35 12.0689067663
2.36 16.9290732192
2.37 10.8790479006
2.38 8.7836191536
2.39 8.29243087924
2.4 8.21041425211
2.41 8.16018108066
2.42 8.05664077188
2.43 8.0713383902
2.44 10.6678455851
2.45 9.18450216982
2.46 8.03087743115
2.47 8.1402476801
2.48 7.60590004189
2.49 7.79380108688
2.5 8.07695945764
2.51 8.43408682038
2.52 9.64754511782
2.53 9.80975014415
2.54 12.9296078178
2.55 10.6007256216
2.56 10.9815627671
2.57 14.7050959597
2.58 11.340055157
2.59 12.4644394898
2.6 16.4877621055
2.61 11.5407772632
2.62 9.43257506233
2.63 8.6466765636
2.64 8.34766613612
2.65 8.33455676017
2.66 8.40363753672
2.67 7.82303631842
2.68 7.66729253489
2.69 7.51080178156
2.7 7.35361203081
2.71 7.20101584205
2.72 7.06502146478
2.73 6.96395126313
2.74 6.92567642286
2.75 7.00621463186
2.76 7.33362966242
2.77 8.12240915605
2.78 9.56235414008
2.79 11.5541345355
2.8 13.548757777
2.81 14.8925592914
2.82 15.4143227502
2.83 15.4324728054
2.84 15.3620892034
2.85 15.5805011481
2.86 16.5922019965
2.87 19.2826994796
2.88 24.3707114989
2.89 27.4405618945
2.9 21.6475406262
2.91 15.026460082
2.92 12.3298527149
2.93 11.2430841738
2.94 10.480659441
2.95 11.8077560858
2.96 13.8090392873
2.97 10.9793505278
2.98 12.3012055953
2.99 14.0435868112
3.0 9.8467701502
3.01 10.8841786471
3.02 7.67089915461
3.03 7.99021464745
3.04 11.0870242322
3.05 7.67591367472
3.06 7.95286952508
3.07 8.78173587521
3.08 7.31781177308
3.09 10.807158525
3.1 7.20612248322
3.11 7.15282723921
3.12 7.11169602288
3.13 7.08087982848
3.14 7.06563264377
3.15 7.28497143517
3.16 9.25093456878
3.17 10.2912606279
3.18 8.03029457242
3.19 7.30445230917
3.2 7.31837893806
3.21 7.41955986997
3.22 7.53109475107
3.23 7.6377216871
3.24 7.71930125757
3.25 7.74684171526
3.26 7.6841575869
3.27 7.50737266682
3.28 7.32492666805
3.29 7.60960080179
3.3 8.44886647319
3.31 7.77139418253
3.32 5.65788668764
3.33 4.57783842046
3.34 4.77144231706
3.35 5.55277678175
3.36 5.30223825813
3.37 4.36472646633
3.38 3.88284970606
3.39 3.77159932283
3.4 3.76789554333
3.41 3.78220906071
3.42 3.80048639052
3.43 3.82281186764
3.44 3.85178451124
3.45 3.89226090783
3.46 3.95283706413
3.47 4.04825397327
3.48 4.21350181687
3.49 4.6114475632
3.5 5.78471124761
3.51 7.80854054246
3.52 8.35495374921
3.53 7.60624083967
3.54 10.3119043654
3.55 8.25417997217
3.56 7.20420515377
3.57 6.42496133453
3.58 5.64098514554
3.59 5.28943195195
3.6 5.38576444834
3.61 5.68242469767
3.62 5.97029015457
3.63 6.21098764734
3.64 6.7250889273
3.65 8.12222887275
3.66 8.819469132
3.67 7.46638055711
3.68 8.08499335161
3.69 10.0001553742
3.7 9.29267642501
3.71 7.60495254259
3.72 6.30120220207
3.73 5.37444654939
3.74 4.85416510103
3.75 4.64148592696
3.76 4.5908643608
3.77 4.61149541575
3.78 4.66747552894
3.79 4.74892700424
3.8 4.85413563694
3.81 4.98338019082
3.82 5.13735873257
3.83 5.31686976999
3.84 5.52261387034
3.85 5.75508497237
3.86 6.01451075988
3.87 6.30078366072
3.88 6.61343176717
3.89 6.95164446832
3.9 7.31414582237
3.91 7.69942707902
3.92 8.1056701372
3.93 8.53084243832
3.94 8.97217479818
3.95 9.42901652229
3.96 9.89731756313
3.97 10.375923305
3.98 10.8620502878
3.99 11.3538932847
4.0 11.8499089782
4.01 12.3508559697
4.02 12.8671905286
4.03 13.4377091006
4.04 14.1556038843
4.05 15.1775815138
4.06 16.8194738986
4.07 21.3765029908
4.08 33.6228453108
4.09 41.5513457716
4.1 32.2441871516
4.11 25.8198521342
4.12 25.0252271655
4.13 24.1144763309
4.14 23.0928666197
4.15 22.2330810328
4.16 21.6569372081
4.17 21.3834673372
4.18 21.3911029724
4.19 21.6687425833
4.2 24.8604080114
4.21 33.0891839989
4.22 24.2454232677
4.23 24.6937925599
4.24 25.8692779666
4.25 27.1362323911
4.26 28.4141463251
4.27 29.6181426574
4.28 31.36706914
4.29 39.5875208234
4.3 46.3603876016
4.31 35.2796514143
4.32 31.3213332964
4.33 30.4010212305
4.34 29.4650066921
4.35 28.4288643271
4.36 27.3820675516
4.37 26.3981192034
4.38 25.5264276587
4.39 24.8017792329
4.4 24.2840317579
4.41 24.4915317801
4.42 27.5825563908
4.43 34.1610630148
4.44 34.6654235387
4.45 29.5004401215
4.46 28.3162204267
4.47 30.804257627
4.48 34.749003827
4.49 38.9653303306
4.5 42.8915763787
4.51 47.8342278129
4.52 55.6883213772
4.53 61.8064523586
4.54 58.3321336774
4.55 49.4203439783
4.56 42.802452622
4.57 40.00175952
4.58 39.9562475353
4.59 42.0222188576
4.6 46.3586914159
4.61 53.5310857385
4.62 64.1255256594
4.63 79.6025953959
4.64 122.452019258
4.65 156.480845652
4.66 118.197680134
4.67 100.012467627
4.68 84.6687145065
4.69 75.6630237472
4.7 73.1485193714
4.71 74.655301193
4.72 78.4870424419
4.73 87.6458918832
4.74 124.737478517
4.75 143.391499632
4.76 132.984720514
4.77 180.590608558
4.78 307.744477108
4.79 449.278255017
4.8 627.589961375
4.81 746.717818888
4.82 838.001334559
4.83 964.168220492
4.84 936.960164863
4.85 850.685720287
4.86 907.234840975
4.87 1589.94168425
4.88 1430.96826198
4.89 994.854943377
4.9 657.957829612
4.91 535.020776972
4.92 486.920400447
4.93 450.170829717
4.94 406.425427321
4.95 354.855792645
4.96 346.948494527
4.97 293.671344137
4.98 205.06906495
4.99 205.852042232
5.0 213.985199418
5.01 160.472037004
5.02 91.9202911199
5.03 55.5107295442
5.04 40.6531504924
5.05 34.0470382973
5.06 30.2061899049
5.07 27.4228790689
5.08 25.2229472918
5.09 23.441409419
5.1 21.9800401359
5.11 20.7644177908
5.12 19.7277260776
5.13 18.8173294088
5.14 17.9892099545
5.15 17.2068402141
5.16 16.4475079387
5.17 15.6984435304
5.18 14.9590612439
5.19 14.2395881105
5.2 13.5635568113
5.21 13.0052637266
5.22 12.8052159209
5.23 13.4400999089
5.24 15.1322108558
5.25 16.83056736
5.26 17.8928413187
5.27 19.2099851597
5.28 16.5568840238
5.29 12.3536623309
5.3 11.166426817
5.31 13.4824502562
5.32 15.7960281837
5.33 12.058851346
5.34 10.8876427994
5.35 10.8681201392
5.36 10.9219695653
5.37 10.9852479946
5.38 11.0566198583
5.39 11.135999798
5.4 11.222575964
5.41 11.3156256672
5.42 11.4140974652
5.43 11.5166836802
5.44 11.6216782063
5.45 11.7269848437
5.46 11.830058575
5.47 11.9278808347
5.48 12.0169609398
5.49 12.0933744421
5.5 12.1528723339
5.51 12.1910382335
5.52 12.2035395487
5.53 12.1864659745
5.54 12.1367135671
5.55 12.0525258096
5.56 11.9338857179
5.57 11.7831279413
5.58 11.6049757747
5.59 11.4070451451
5.6 11.1997849755
5.61 10.9957334417
5.62 10.8101992965
5.63 10.6593330036
5.64 10.5630100021
5.65 10.5655065889
5.66 10.8242216145
5.67 11.729886444
5.68 13.6824668985
5.69 16.150371631
5.7 17.3027747853
5.71 16.3503319042
5.72 14.6687989827
5.73 13.4217272085
5.74 12.6708415857
5.75 12.0873381557
5.76 11.462842829
5.77 10.7839298682
5.78 10.1353658757
5.79 9.6011048
5.8 9.22879382586
5.81 9.01748487515
5.82 8.93402150482
5.83 8.93306518119
5.84 8.97231876464
5.85 9.02131450871
5.86 9.06121245698
5.87 9.08141854767
5.88 9.07649018513
5.89 9.04515365537
5.9 8.99091243056
5.91 8.92305960644
5.92 8.85701777655
5.93 8.8130551476
5.94 8.81252073488
5.95 8.87033894583
5.96 8.98562356063
5.97 9.12702082166
5.98 9.22524311236
5.99 9.18184424049
6.0 8.90752520869
6.01 8.37934789779
6.02 7.67190051084
6.03 6.92487804903
6.04 6.27041529949
6.05 5.78056675655
6.06 5.46193526681
6.07 5.27970245102
6.08 5.1860305527
6.09 5.13993026092
6.1 5.11526512032
6.11 5.10119456226
6.12 5.11697823095
6.13 5.30261654453
6.14 6.024807545
6.15 7.23495023086
6.16 7.25958491743
6.17 5.96287954006
6.18 5.19259595249
6.19 5.05199798895
6.2 5.13974327712
6.21 5.3921102309
6.22 5.85163007522
6.23 6.47200184312
6.24 7.03195636503
6.25 7.22349801563
6.26 6.92640360544
6.27 6.32575883672
6.28 5.70807571074
6.29 5.23378170528
6.3 4.9296246256
6.31 4.75277262733
6.32 4.65145827029
6.33 4.58760727917
6.34 4.53986559784
6.35 4.49888963461
6.36 4.46177337055
6.37 4.42936203109
6.38 4.40550382468
6.39 4.3999340956
6.4 4.43574353799
6.41 4.56114262929
6.42 4.85665965958
6.43 5.41255608736
6.44 6.23863281729
6.45 7.11020572921
6.46 7.5975429902
6.47 7.51439695314
6.48 7.18659706405
6.49 7.07473433776
6.5 7.67293745316
6.51 9.63212673796
6.52 11.2742517925
6.53 9.7363590426
6.54 7.88266801251
6.55 7.01330148084
6.56 6.42750252146
6.57 5.85206241031
6.58 5.30350326907
6.59 4.81862710773
6.6 4.41290910191
6.61 4.08546675214
6.62 3.82655730226
6.63 3.62348567085
6.64 3.4640699885
6.65 3.33803217569
6.66 3.23749740011
6.67 3.15649979984
6.68 3.09088127576
6.69 3.03737545885
6.7 2.99347424256
6.71 2.95726784313
6.72 2.92720877371
6.73 2.90212149223
6.74 2.88106125729
6.75 2.86325422436
6.76 2.84813756376
6.77 2.83531002186
6.78 2.82441508583
6.79 2.81523463682
6.8 2.80763879324
6.81 2.80157428341
6.82 2.79711507844
6.83 2.79452064026
6.84 2.79440472624
6.85 2.79790522059
6.86 2.80700009946
6.87 2.82474604742
6.88 2.85547532396
6.89 2.90485680888
6.9 2.97902807314
6.91 3.08410512666
6.92 3.22430000252
6.93 3.39970572622
6.94 3.60468274026
6.95 3.82541672711
6.96 4.03994491855
6.97 4.22203106075
6.98 4.34735272086
6.99 4.3999992497
7.0 4.37955871218
7.01 4.30524550619
7.02 4.22722688084
7.03 4.24632394055
7.04 4.53065013129
7.05 5.31208511188
7.06 6.70061734208
7.07 7.94686497512
7.08 7.5665104707
7.09 5.97793934222
7.1 4.74892358061
7.11 4.23075682816
7.12 4.14079269216
7.13 4.2395437079
7.14 4.42081553552
7.15 4.64838461453
7.16 4.91050095475
7.17 5.20849693838
7.18 5.55199508136
7.19 5.99752113802
7.2 6.70225160254
7.21 7.92122441588
7.22 9.68452326109
7.23 11.1513061354
7.24 11.2174389732
7.25 10.4765482113
7.26 10.3584768746
7.27 11.3542452785
7.28 13.0578512858
7.29 14.6839758711
7.3 15.6498485841
7.31 15.9444532827
7.32 15.92745505
7.33 15.9442147221
7.34 16.1530549419
7.35 16.5522142511
7.36 17.0390792624
7.37 17.4602326413
7.38 17.6613828545
7.39 17.5423436577
7.4 17.098968556
7.41 16.4263892416
7.42 15.6784631945
7.43 15.0050713066
7.44 14.4937349815
7.45 14.125956263
7.46 13.755573244
7.47 13.1469058346
7.48 12.1230213288
7.49 10.7512084349
7.5 9.33658939378
7.51 8.18232178476
7.52 7.3982159393
7.53 6.91953146395
7.54 6.62445009621
7.55 6.4204358697
7.56 6.26389046795
7.57 6.14164926891
7.58 6.05150402262
7.59 5.99361772177
7.6 5.96844016242
7.61 5.97658772414
7.62 6.01911876446
7.63 6.09790208176
7.64 6.21534372621
7.65 6.37707964232
7.66 6.59224613001
7.67 6.87803011237
7.68 7.27050535095
7.69 7.8363710928
7.7 8.66389500975
7.71 9.80512527464
7.72 11.1468840707
7.73 12.2851229161
7.74 12.6525579675
7.75 11.9622214897
7.76 10.5156943566
7.77 8.89578064884
7.78 7.5143756387
7.79 6.49875122981
7.8 5.81094834839
7.81 5.36730871391
7.82 5.09181796751
7.83 4.92889459423
7.84 4.84242860738
7.85 4.81225142121
7.86 4.83148319197
7.87 4.90382056407
7.88 5.03985625488
7.89 5.25137649755
7.9 5.54296298029
7.91 5.90159248039
7.92 6.28690107209
7.93 6.62989501732
7.94 6.84755382468
7.95 6.87330111149
7.96 6.68753705127
7.97 6.32617418209
7.98 5.86084425373
7.99 5.36890454078
8.0 4.90717116942
8.01 4.50676202942
8.02 4.17730401811
8.03 3.91481952214
8.04 3.70914251793
8.05 3.5488640864
8.06 3.42352199731
8.07 3.32476297002
8.08 3.24634668446
8.09 3.18375603233
8.1 3.13396530286
8.11 3.0947826722
8.12 3.06459082172
8.13 3.04239099659
8.14 3.02721589212
8.15 3.01828903678
8.16 3.01502726276
8.17 3.01691584658
8.18 3.02354199177
8.19 3.03490104758
8.2 3.05232062301
8.21 3.08082777097
8.22 3.13337051014
8.23 3.23431645961
8.24 3.41722257635
8.25 3.71002356578
8.26 4.10527917464
8.27 4.52407288491
8.28 4.83009114055
8.29 4.90380502951
8.3 4.73788782866
8.31 4.43859707267
8.32 4.13027285106
8.33 3.89093111022
8.34 3.74079632891
8.35 3.66695584209
8.36 3.64644102389
8.37 3.65798606271
8.38 3.6864795221
8.39 3.7226197631
8.4 3.76177492615
8.41 3.80185498651
8.42 3.84190918842
8.43 3.88172451052
8.44 3.92142499866
8.45 3.96121407941
8.46 4.00231430505
8.47 4.04609625701
8.48 4.09578603406
8.49 4.15715903302
8.5 4.2386761422
8.51 4.35402148395
8.52 4.52114851853
8.53 4.75954552654
8.54 5.08465282513
8.55 5.498608869
8.56 5.97599933844
8.57 6.45557374625
8.58 6.84604340882
8.59 7.0584910642
8.6 7.05147053748
8.61 6.85422034106
8.62 6.54845615472
8.63 6.22367730549
8.64 5.9454030245
8.65 5.73990069904
8.66 5.60663473465
8.67 5.52737419262
8.68 5.4772037251
8.69 5.43304264437
8.7 5.37780226676
8.71 5.30122452724
8.72 5.19967315058
8.73 5.07450958728
8.74 4.93194882214
8.75 4.7834822821
8.76 4.65060238015
8.77 4.57334277123
8.78 4.61545525995
8.79 4.84559811179
8.8 5.26888275326
8.81 5.72007187722
8.82 5.87148549101
8.83 5.54336733564
8.84 4.94637959824
8.85 4.41367587309
8.86 4.09221564994
8.87 3.95258360995
8.88 3.91661961648
8.89 3.9244278131
8.9 3.94722967888
8.91 3.97519377332
8.92 4.00564994421
8.93 4.03826843754
8.94 4.07300051134
8.95 4.10996837685
8.96 4.14964056561
8.97 4.19227657464
8.98 4.23871487521
8.99 4.2896106626
9.0 4.34581939264
9.01 4.40910403118
9.02 4.48169779964
9.03 4.56807173244
9.04 4.67515904495
9.05 4.81539774014
9.06 5.00437678494
9.07 5.26469591779
9.08 5.62184448809
9.09 6.09169142986
9.1 6.67686736561
9.11 7.35200329051
9.12 8.04441599369
9.13 8.64998261122
9.14 9.06179682984
9.15 9.21999171388
9.16 9.14211294375
9.17 8.9063652884
9.18 8.6140049045
9.19 8.3472804882
9.2 8.15269300065
9.21 8.04412383629
9.22 8.01183469801
9.23 8.03532177898
9.24 8.09197035241
9.25 8.16356296806
9.26 8.23815938635
9.27 8.31026189233
9.28 8.37919260535
9.29 8.44784016603
9.3 8.52086205006
9.31 8.60270633339
9.32 8.69693734968
9.33 8.80462569594
9.34 8.92428151251
9.35 9.05038884641
9.36 9.17408237805
9.37 9.28332102174
9.38 9.36368902743
9.39 9.40164677123
9.4 9.38516450238
9.41 9.30819529505
9.42 9.1702679129
9.43 8.98039463005
9.44 8.75240332426
9.45 8.50503759602
9.46 8.25792205855
9.47 8.03082646146
9.48 7.83796233693
9.49 7.68862722859
9.5 7.58936457079
9.51 7.53860690915
9.52 7.53284831347
9.53 7.56616127812
9.54 7.62891669991
9.55 7.71421535087
9.56 7.81260593361
9.57 7.91676969584
9.58 8.01927620959
9.59 8.11561867097
9.6 8.20300428573
9.61 8.2794425882
9.62 8.34507454736
9.63 8.39993578763
9.64 8.44752321162
9.65 8.49172467097
9.66 8.5371044359
9.67 8.58868224774
9.68 8.65132577863
9.69 8.72928304667
9.7 8.82711508276
9.71 8.95144226701
9.72 9.11616368525
9.73 9.345916958
9.74 9.68164933205
9.75 10.177148952
9.76 10.8767079619
9.77 11.7844869156
9.78 12.814040431
9.79 13.7634878856
9.8 14.3586098915
9.81 14.3907254955
9.82 13.8351061168
9.83 12.8779666914
9.84 11.7801001951
9.85 10.7476874334
9.86 9.89270968917
9.87 9.22671430614
9.88 8.73089423589
9.89 8.36394772656
9.9 8.08966378912
9.91 7.88145240084
9.92 7.7219540171
9.93 7.6000081988
9.94 7.51435612714
9.95 7.46002822362
9.96 7.4361389255
9.97 7.43984013853
9.98 7.46738906743
9.99 7.5145477525
10.0 7.5771240365
10.01 7.64833167536
10.02 7.72119582385
10.03 7.78880569938
10.04 7.84472343269
10.05 7.88125021804
10.06 7.89357270019
10.07 7.87751469453
10.08 7.83096868557
10.09 7.75320565892
10.1 7.64601843596
10.11 7.51155065194
10.12 7.35466991785
10.13 7.18174399126
10.14 6.99580680785
10.15 6.80389235637
10.16 6.60998348266
10.17 6.41936795657
10.18 6.23624900546
10.19 6.06412077639
10.2 5.90201475478
10.21 5.75336160852
10.22 5.61814658075
10.23 5.49710325757
10.24 5.38994209119
10.25 5.29590761984
10.26 5.21428669769
10.27 5.14428018221
10.28 5.08441470626
10.29 5.03420167733
10.3 4.9924302612
10.31 4.95808413171
10.32 4.93055836449
10.33 4.90865800065
10.34 4.89249377543
10.35 4.88227914391
10.36 4.87887800609
10.37 4.88496011393
10.38 4.90644197306
10.39 4.95330977312
10.4 5.042970401
10.41 5.20014796208
10.42 5.45710082606
10.43 5.84836294155
10.44 6.39611663509
10.45 7.09009494297
10.46 7.86830982573
10.47 8.60646778301
10.48 9.15054063992
10.49 9.40717970756
10.5 9.37799178471
10.51 9.16844344297
10.52 8.90488321661
10.53 8.68920011553
10.54 8.56522260825
10.55 8.5346433463
10.56 8.57029139346
10.57 8.63812996696
10.58 8.69784387474
10.59 8.71298000264
10.6 8.65330040003
10.61 8.4954425576
10.62 8.23176089377
10.63 7.87172562743
10.64 7.43780843807
10.65 6.96883840882
10.66 6.49838114918
10.67 6.05864480358
10.68 5.66886218925
10.69 5.34460290036
10.7 5.07965060355
10.71 4.87139872115
10.72 4.71137601542
10.73 4.58879770015
10.74 4.49454397584
10.75 4.41967739932
10.76 4.35693486863
10.77 4.30154799667
10.78 4.25017927693
10.79 4.20037678131
10.8 4.15070049561
10.81 4.10080427682
10.82 4.0501877158
10.83 3.99915109741
10.84 3.9471665451
10.85 3.89467492596
10.86 3.8420676147
10.87 3.78875864684
10.88 3.73594102499
10.89 3.68344694144
10.9 3.63121666912
10.91 3.57952956399
10.92 3.52909927527
10.93 3.47943434042
10.94 3.43127174775
10.95 3.38432371731
10.96 3.33903251684
10.97 3.29542582975
10.98 3.25344869252
10.99 3.21358586343
11.0 3.17584197537
11.01 3.14021844882
11.02 3.10700207811
11.03 3.07567777598
11.04 3.04701485027
11.05 3.02058400665
11.06 2.99686499325
11.07 2.97570444631
11.08 2.95724150229
11.09 2.94170514402
11.1 2.92885654931
11.11 2.91887053343
11.12 2.91215396115
11.13 2.90873907825
11.14 2.90854306156
11.15 2.91206720348
11.16 2.91942050419
11.17 2.93091000448
11.18 2.94685066376
11.19 2.96752523184
11.2 2.99344569618
11.21 3.02492321114
11.22 3.06279280065
11.23 3.10695495973
11.24 3.15871361795
11.25 3.21837188661
11.26 3.28714485625
11.27 3.36552048743
11.28 3.45433362608
11.29 3.55490367789
11.3 3.66834573031
11.31 3.79446178373
11.32 3.93498549763
11.33 4.09099661026
11.34 4.26208617826
11.35 4.44831944936
11.36 4.64921044998
11.37 4.86370147498
11.38 5.08929320238
11.39 5.32263719926
11.4 5.55824891841
11.41 5.79185244809
11.42 6.0144367093
11.43 6.22053694195
11.44 6.40567829945
11.45 6.56333248592
11.46 6.69258263573
11.47 6.79675411233
11.48 6.88144437474
11.49 6.95641567725
11.5 7.0338259749
11.51 7.12417509444
11.52 7.23479372605
11.53 7.36726869976
11.54 7.51182047439
11.55 7.65121137738
11.56 7.75971627117
11.57 7.80697987492
11.58 7.76779628406
11.59 7.62920069141
11.6 7.38976297502
11.61 7.07255665823
11.62 6.70243722016
11.63 6.31323206187
11.64 5.9336019847
11.65 5.58586730821
11.66 5.28016335006
11.67 5.01913453074
11.68 4.80375030117
11.69 4.62713684857
11.7 4.48350323973
11.71 4.36539315844
11.72 4.26612867337
11.73 4.18142804747
11.74 4.10541779439
11.75 4.03638477712
11.76 3.97140817729
11.77 3.90949953298
11.78 3.84976165416
11.79 3.79109933727
11.8 3.73372193551
11.81 3.67758685345
11.82 3.62312080484
11.83 3.56995933174
11.84 3.5181002687
11.85 3.46865488244
11.86 3.42127467951
11.87 3.37625489617
11.88 3.33419239101
11.89 3.29504810806
11.9 3.2593879225
11.91 3.2273241654
11.92 3.19885000602
11.93 3.17501494048
11.94 3.15540947473
11.95 3.14048771626
11.96 3.1304123321
11.97 3.12533724581
11.98 3.12537928597
11.99 3.13041142426
12.0 3.14051277535
12.01 3.15541965937
12.02 3.17528114632
12.03 3.19925448253
12.04 3.22741425139
12.05 3.25929924197
12.06 3.29433535414
12.07 3.33208130765
12.08 3.3714881555
12.09 3.41269529796
12.1 3.4539802887
12.11 3.49523463977
12.12 3.53557438713
12.13 3.57432394618
12.14 3.61068622799
12.15 3.64411577481
12.16 3.67400876048
12.17 3.70036563439
12.18 3.72285311335
12.19 3.74179154142
12.2 3.75801511718
12.21 3.77281582679
12.22 3.78885780023
12.23 3.80963346099
12.24 3.84028555398
12.25 3.88697549549
12.26 3.95705845151
12.27 4.05763194729
12.28 4.19539566162
12.29 4.37480089205
12.3 4.5967870013
12.31 4.85269722799
12.32 5.13008413177
12.33 5.40936906208
12.34 5.66585620543
12.35 5.87531433478
12.36 6.01993466519
12.37 6.08972553843
12.38 6.09002206208
12.39 6.0333856826
12.4 5.93727358635
12.41 5.81977479663
12.42 5.69529824507
12.43 5.57333829861
12.44 5.45844359159
12.45 5.35117383585
12.46 5.24946827103
12.47 5.15002604926
12.48 5.04945338269
12.49 4.94507768319
12.5 4.83539404116
12.51 4.72017549081
12.52 4.6003351944
12.53 4.47762538796
12.54 4.3542757621
12.55 4.23263990118
12.56 4.11491639942
12.57 4.00295234154
12.58 3.89813377135
12.59 3.80134996067
12.6 3.71301224075
12.61 3.63311304354
12.62 3.56129658118
12.63 3.49693863215
12.64 3.43922259268
12.65 3.38773745981
12.66 3.34039151309
12.67 3.29676017265
12.68 3.25589071353
12.69 3.21686930108
12.7 3.1789040298
12.71 3.14130442053
12.72 3.10350904902
12.73 3.06509134282
12.74 3.02574515029
12.75 2.98529960492
12.76 2.94368646639
12.77 2.9010085384
12.78 2.85731399679
12.79 2.81297697595
12.8 2.76808588152
12.81 2.72315299289
12.82 2.67851988185
12.83 2.63472601496
12.84 2.59173436261
12.85 2.55020209761
12.86 2.51029160942
12.87 2.47271071587
12.88 2.43762622459
12.89 2.40501341682
12.9 2.375782437
12.91 2.34915659757
12.92 2.32612072245
12.93 2.30649321745
12.94 2.29036631555
12.95 2.2778116583
12.96 2.2688889695
12.97 2.26365850726
12.98 2.26219045122
12.99 2.26458324033
13.0 2.27093058486
13.01 2.28148223331
13.02 2.29648159521
13.03 2.31634725872
13.04 2.34199090156
13.05 2.37322121888
13.06 2.41186588915
13.07 2.4582003148
13.08 2.51366475239
13.09 2.58013397009
13.1 2.65807887023
13.11 2.74940102167
13.12 2.85552782073
13.13 2.97754737644
13.14 3.11606421446
13.15 3.27090632698
13.16 3.44079304909
13.17 3.62305349548
13.18 3.81339196718
13.19 4.00584460427
13.2 4.19299116476
13.21 4.3665268308
13.22 4.51809954835
13.23 4.64039410213
13.24 4.72793009053
13.25 4.77893254906
13.26 4.79407585504
13.27 4.77719717684
13.28 4.7345638982
13.29 4.6737179197
13.3 4.60224410332
13.31 4.52774208821
13.32 4.45593209925
13.33 4.3911763101
13.34 4.33621622961
13.35 4.29232327256
13.36 4.25953153683
13.37 4.23692990025
13.38 4.22296081446
13.39 4.21562391443
13.4 4.21307912268
13.41 4.21285805857
13.42 4.21350933517
13.43 4.21323429148
13.44 4.21081842778
13.45 4.20522218141
13.46 4.19582725846
13.47 4.18231077155
13.48 4.16426264489
13.49 4.14218578875
13.5 4.11616156687
13.51 4.08598419769
13.52 4.0526156711
13.53 4.0164427222
13.54 3.97789159465
13.55 3.937024692
13.56 3.89482527325
13.57 3.85142541824
13.58 3.80754777626
13.59 3.76323379461
13.6 3.71909393633
13.61 3.67552866963
13.62 3.63241473845
13.63 3.59023035144
13.64 3.54937366682
13.65 3.50929875366
13.66 3.47087415997
13.67 3.43377768455
13.68 3.39802540733
13.69 3.3639769636
13.7 3.3314586664
13.71 3.30048280411
13.72 3.2709855392
13.73 3.24295621226
13.74 3.21635560924
13.75 3.19113491862
13.76 3.16724432976
13.77 3.14463301746
13.78 3.12325259786
13.79 3.10305520946
13.8 3.08399712827
13.81 3.06604083968
13.82 3.04915321677
13.83 3.03330740587
13.84 3.01848587946
13.85 3.0046766856
13.86 2.99187435394
13.87 2.98008230101
13.88 2.96931025022
13.89 2.95957511154
13.9 2.95090119033
13.91 2.94331821278
13.92 2.9368679406
13.93 2.93159217709
13.94 2.92754217131
13.95 2.92477427798
13.96 2.92335284534
13.97 2.92334921842
13.98 2.92483887964
13.99 2.92790857093
14.0 2.93264877454
14.01 2.93905800783
14.02 2.94752147759
14.03 2.95791474851
14.04 2.97025614688
14.05 2.98493172619
14.06 3.00202568737
14.07 3.02155367193
14.08 3.04378990738
14.09 3.06871025186
14.1 3.09666276413
14.11 3.12760169583
14.12 3.1620559913
14.13 3.19887440783
14.14 3.24012317735
14.15 3.28389343658
14.16 3.3316654289
14.17 3.38342895221
14.18 3.43789319802
14.19 3.49605060372
14.2 3.5573788493
14.21 3.62175087375
14.22 3.68910128689
14.23 3.75847945137
14.24 3.82937037819
14.25 3.90165279091
14.26 3.97515739873
14.27 4.0479450471
14.28 4.12069375272
14.29 4.19094473232
14.3 4.25922568287
14.31 4.32305411879
14.32 4.38326955502
14.33 4.43695063077
14.34 4.48418207793
14.35 4.52514502682
14.36 4.55780404637
14.37 4.58225116175
14.38 4.59744017919
14.39 4.60367200498
14.4 4.60063080315
14.41 4.5885408314
14.42 4.56758576047
14.43 4.5382184197
14.44 4.50065455556
14.45 4.45633742025
14.46 4.4057189916
14.47 4.34966886177
14.48 4.28907206701
14.49 4.2248442918
14.5 4.15786578255
14.51 4.08899279239
14.52 4.01900796685
14.53 3.94863610541
14.54 3.87868857542
14.55 3.80936718961
14.56 3.74131521729
14.57 3.67488848805
14.58 3.61043651177
14.59 3.54815700504
14.6 3.48820185548
14.61 3.43066613651
14.62 3.37636684429
14.63 3.32329214489
14.64 3.27334110704
14.65 3.22541478112
14.66 3.17974986247
14.67 3.13640859656
14.68 3.09501883106
14.69 3.05561981315
14.7 3.0181505758
14.71 2.98245938126
14.72 2.9487494419
14.73 2.91613817036
14.74 2.88507615597
14.75 2.85555512199
14.76 2.82719078942
14.77 2.80041332121
14.78 2.77457961643
14.79 2.75008917459
14.8 2.72656626883
14.81 2.7042084267
14.82 2.68283681129
14.83 2.66278222762
14.84 2.64334877693
14.85 2.6250808125
14.86 2.6075574286
14.87 2.59128941483
14.88 2.57587750437
14.89 2.56144864335
14.9 2.54802877228
14.91 2.53569111825
14.92 2.52439616801
14.93 2.51430388237
14.94 2.50546972251
14.95 2.49800376875
14.96 2.4919510559
14.97 2.48769347217
14.98 2.48507582886
14.99 2.48439912617
15.0 2.48585274072
15.01 2.48948922223
15.02 2.4955895022
15.03 2.50425696453
15.04 2.51566165818
15.05 2.52985250323
15.06 2.54698648834
15.07 2.56699374392
15.08 2.59005531331
15.09 2.61583947087
15.1 2.6447781977
15.11 2.67646449385
15.12 2.71027714742
15.13 2.74650533934
15.14 2.78466429133
15.15 2.82533788458
15.16 2.8668768901
15.17 2.90938316929
15.18 2.95237615384
15.19 2.99567580014
15.2 3.03838653265
15.21 3.08101582458
15.22 3.12246129071
15.23 3.16290870034
15.24 3.20185939922
15.25 3.23896482149
15.26 3.27381096856
15.27 3.30656577371
15.28 3.33700724344
15.29 3.36507793119
15.3 3.39049773766
15.31 3.41390522628
15.32 3.43502682431
15.33 3.45372472182
15.34 3.47040082548
15.35 3.48512877319
15.36 3.49804905769
15.37 3.50932886746
15.38 3.51914339355
15.39 3.52771219934
15.4 3.53515173712
15.41 3.54163909002
15.42 3.54737928443
15.43 3.55250087509
15.44 3.55718182008
15.45 3.5615125194
15.46 3.56568796676
15.47 3.56974860286
15.48 3.57381910521
15.49 3.57801006501
15.5 3.58235756901
15.51 3.58692205465
15.52 3.59171154074
15.53 3.59685326944
15.54 3.60232220132
15.55 3.60812850238
15.56 3.61426861128
15.57 3.62073110122
15.58 3.6274908561
15.59 3.63451065901
15.6 3.64172339913
15.61 3.6491269079
15.62 3.65661753719
15.63 3.66411347329
15.64 3.671547412
15.65 3.67873681222
15.66 3.68573080603
15.67 3.6923433333
15.68 3.69849421152
15.69 3.7040127857
15.7 3.70869736931
15.71 3.71256900795
15.72 3.71541684708
15.73 3.71707459094
15.74 3.71744761787
15.75 3.71645205229
15.76 3.71389542666
15.77 3.70972077374
15.78 3.70374663458
15.79 3.6960303466
15.8 3.68649673774
15.81 3.67479029013
15.82 3.6612922796
15.83 3.64550830345
15.84 3.62802984072
15.85 3.60936469721
15.86 3.5881219073
15.87 3.56498944978
15.88 3.54072174748
15.89 3.5148804351
15.9 3.48785592141
15.91 3.45991969396
15.92 3.43068109006
15.93 3.40126929111
15.94 3.37164440571
15.95 3.34132542278
15.96 3.31137654086
15.97 3.2810633566
15.98 3.2515607347
15.99 3.22304294505
16.0 3.19542134947
16.01 3.16899553626
16.02 3.14316802676
16.03 3.11972150417
16.04 3.09720032932
16.05 3.07654004461
16.06 3.05757040088
16.07 3.04067170793
16.08 3.02547174911
16.09 3.01229872438
16.1 3.0011613403
16.11 2.9917679513
16.12 2.98444384107
16.13 2.97895150105
16.14 2.97533383601
16.15 2.97348746026
16.16 2.97336531818
16.17 2.97485021384
16.18 2.97806600897
16.19 2.98285617942
16.2 2.98887302132
16.21 2.99636161056
16.22 3.0052103964
16.23 3.01513785013
16.24 3.02640333635
16.25 3.03849380243
16.26 3.05169530625
16.27 3.06606917591
16.28 3.08124440521
16.29 3.09751146948
16.3 3.11456150243
16.31 3.13246134513
16.32 3.15112128435
16.33 3.17064934579
16.34 3.19115140727
16.35 3.21237320118
16.36 3.23442088074
16.37 3.25743972082
16.38 3.28121163651
16.39 3.30587885494
16.4 3.33118022149
16.41 3.35767350078
16.42 3.38524764709
16.43 3.41395900581
16.44 3.44344952448
16.45 3.47369242592
16.46 3.50593369686
16.47 3.53856759748
16.48 3.572609415
16.49 3.60847590429
16.5 3.64510105485
16.51 3.68338303334
16.52 3.7229318386
16.53 3.7641427202
16.54 3.80715843044
16.55 3.85155987672
16.56 3.89785859348
16.57 3.94525521077
16.58 3.99464414069
16.59 4.04659882002
16.6 4.10030395305
16.61 4.15587729608
16.62 4.21408201477
16.63 4.27355813398
16.64 4.3357088227
16.65 4.40010402486
16.66 4.46694015101
16.67 4.53568879976
16.68 4.60741636352
16.69 4.68082793119
16.7 4.75729107015
16.71 4.83594092133
16.72 4.91654888234
16.73 5.00021092435
16.74 5.08580077717
16.75 5.1743119785
16.76 5.26429184111
16.77 5.35695247001
16.78 5.45151924279
16.79 5.54791759314
16.8 5.64527027261
16.81 5.74504733434
16.82 5.84610914045
16.83 5.94887477831
16.84 6.051748291
16.85 6.15572980586
16.86 6.25937533725
16.87 6.36322574536
16.88 6.46663832941
16.89 6.56923372623
16.9 6.67092856557
16.91 6.77011017494
16.92 6.86799278112
16.93 6.96351007609
16.94 7.05611473075
16.95 7.14520756437
16.96 7.23067483107
16.97 7.31199955569
16.98 7.38903682519
16.99 7.46193589341
17.0 7.52761041736
17.01 7.58798361801
17.02 7.64405582675
17.03 7.69337521052
17.04 7.73647779649
17.05 7.77295318192
17.06 7.80332616504
17.07 7.82654979404
17.08 7.84395345904
17.09 7.85459388895
17.1 7.85876389326
17.11 7.85693461979
17.12 7.84918879034
17.13 7.83574737361
17.14 7.8169397324
17.15 7.7934177347
17.16 7.76414163453
17.17 7.73106328622
17.18 7.69401701569
17.19 7.6536322041
17.2 7.60967515586
17.21 7.56274715432
17.22 7.51364723639
17.23 7.46239962471
17.24 7.40945020133
17.25 7.35515572342
17.26 7.2998108322
17.27 7.24371744774
17.28 7.18718583596
17.29 7.13042708775
17.3 7.0736921647
17.31 7.01717111447
17.32 6.96105727431
17.33 6.90527806192
17.34 6.85044595808
17.35 6.79619420662
17.36 6.7431041481
17.37 6.69052033887
17.38 6.63913530098
17.39 6.58874124519
17.4 6.53937061671
17.41 6.49101866907
17.42 6.44368258078
17.43 6.39735236778
17.44 6.35200669298
17.45 6.30763708183
17.46 6.26421309293
17.47 6.22171198598
17.48 6.1801063008
17.49 6.13938470086
17.5 6.09951254907
17.51 6.06047370726
17.52 6.02226146368
17.53 5.98486394938
17.54 5.94829241632
17.55 5.91253060487
17.56 5.87759243189
17.57 5.84347561444
17.58 5.81020551453
17.59 5.77779106472
17.6 5.74626638715
17.61 5.71565793471
17.62 5.6859757267
17.63 5.65727187966
17.64 5.62955908587
17.65 5.60297258455
17.66 5.57736016052
17.67 5.55285473037
17.68 5.52903390294
17.69 5.50700159206
17.7 5.48602128616
17.71 5.46601437962
17.72 5.44798097188
17.73 5.43066483967
17.74 5.41495082671
17.75 5.39985134465
17.76 5.38687443118
17.77 5.37490601445
17.78 5.3642328164
17.79 5.35489366819
17.8 5.34694564966
17.81 5.34036965104
17.82 5.33504001475
17.83 5.33108475827
17.84 5.32821905044
17.85 5.32708020953
17.86 5.32712651405
17.87 5.32811246126
17.88 5.33033811124
17.89 5.33381617444
17.9 5.33842624562
17.91 5.34410124929
17.92 5.35074451988
17.93 5.35838668812
17.94 5.36694775194
17.95 5.37641392641
17.96 5.38669036135
17.97 5.39775570976
17.98 5.40955849049
17.99 5.4220125163
18.0 5.43509863341
18.01 5.44872937899
18.02 5.46288473592
18.03 5.47748438693
18.04 5.49212233822
18.05 5.50785014451
18.06 5.52349232907
18.07 5.53893704088
18.08 5.55526831024
18.09 5.57163085764
18.1 5.58764901822
18.11 5.60442714877
18.12 5.62080942438
18.13 5.63721686958
18.14 5.65349022289
18.15 5.66972989231
18.16 5.68585673495
18.17 5.70178892636
18.18 5.71770339535
18.19 5.73341216189
18.2 5.74864272883
18.21 5.7639369053
18.22 5.7786425687
18.23 5.79353804908
18.24 5.80802715841
18.25 5.82218186871
18.26 5.83615204841
18.27 5.84986439601
18.28 5.86333470994
18.29 5.87656926243
18.3 5.88959620088
18.31 5.90240381378
18.32 5.9150192668
18.33 5.92761328225
18.34 5.93974089106
18.35 5.95189068752
18.36 5.96383322343
18.37 5.97609331964
18.38 5.98782208694
18.39 5.99967710481
18.4 6.01148601807
18.41 6.02337983486
18.42 6.03532237657
18.43 6.04733847909
18.44 6.05938420582
18.45 6.07182676199
18.46 6.08431191626
18.47 6.09701232048
18.48 6.11001392119
18.49 6.12326953655
18.5 6.13685549761
18.51 6.15077689116
18.52 6.16516094513
18.53 6.17981885654
18.54 6.19498957563
18.55 6.21065433992
18.56 6.22679985093
18.57 6.24346853463
18.58 6.26070882867
18.59 6.27852671308
18.6 6.29695321303
18.61 6.31600013467
18.62 6.33578555865
18.63 6.3560834635
18.64 6.37712574477
18.65 6.39887902317
18.66 6.4213413289
18.67 6.4445356043
18.68 6.46845693726
18.69 6.49313231833
18.7 6.51854987391
18.71 6.54471882745
18.72 6.57175454908
18.73 6.59933547961
18.74 6.62776645772
18.75 6.6570703614
18.76 6.68681708462
18.77 6.71752325331
18.78 6.74888264144
18.79 6.78101606681
18.8 6.8138524991
18.81 6.84737343831
18.82 6.88124522313
18.83 6.91591540119
18.84 6.95130742099
18.85 6.98730830879
18.86 7.02397226411
18.87 7.06070296186
18.88 7.09814578396
18.89 7.13577409031
18.9 7.17407754908
18.91 7.21280233042
18.92 7.25177303819
18.93 7.29109543989
18.94 7.33064469655
18.95 7.37042220421
18.96 7.41057158597
18.97 7.45041867735
18.98 7.49054782452
18.99 7.53071818079
19.0 7.57088684479
19.01 7.61093617781
19.02 7.65088637269
19.03 7.69067311124
19.04 7.73024720966
19.05 7.76950425861
19.06 7.8084702375
19.07 7.84709774556
19.08 7.88530047052
19.09 7.92306526713
19.1 7.96031137903
19.11 7.99701486543
19.12 8.03310187777
19.13 8.0685759541
19.14 8.10336861884
19.15 8.13743786012
19.16 8.17074659942
19.17 8.20325241951
19.18 8.23491565229
19.19 8.26575040744
19.2 8.2956541097
19.21 8.32464619696
19.22 8.35265564176
19.23 8.37970685471
19.24 8.40576897898
19.25 8.43076847002
19.26 8.45473761374
19.27 8.47762456667
19.28 8.49945775111
19.29 8.52017704663
19.3 8.5398049305
19.31 8.55832842682
19.32 8.5757207698
19.33 8.59199961269
19.34 8.60713854714
19.35 8.62114793019
19.36 8.6340693926
19.37 8.64584737825
19.38 8.65654826376
19.39 8.66614254581
19.4 8.6746138093
19.41 8.68204218958
19.42 8.68839505917
19.43 8.69371178735
19.44 8.69796527489
19.45 8.70123049887
19.46 8.703482285
19.47 8.70475043692
19.48 8.70507385833
19.49 8.70445554466
19.5 8.70295769436
19.51 8.70060809142
19.52 8.69736522753
19.53 8.69332162181
19.54 8.68847172316
19.55 8.68283055003
19.56 8.67713649134
19.57 8.67018293234
19.58 8.66228887414
19.59 8.6538437273
19.6 8.64473333669
19.61 8.63513929353
19.62 8.62494119807
19.63 8.61450290842
19.64 8.60323548178
19.65 8.59070685622
19.66 8.57862466715
19.67 8.56602380032
19.68 8.55313492043
19.69 8.53976870933
19.7 8.52565760584
19.71 8.51188737984
19.72 8.49791203335
19.73 8.48391940098
19.74 8.46848189903
19.75 8.4535005613
19.76 8.4385864237
19.77 8.42329809919
19.78 8.40798312608
19.79 8.39259961089
19.8 8.3766861011
19.81 8.36116548086
19.82 8.34553053946
19.83 8.32961493106
19.84 8.3140305658
19.85 8.29838492212
19.86 8.28228441649
19.87 8.26663469044
19.88 8.25078356172
19.89 8.23507608821
19.9 8.21941407747
19.91 8.20382095117
19.92 8.18829015144
19.93 8.17296079864
19.94 8.15738677854
19.95 8.14245698913
19.96 8.12676332194
19.97 8.11166781729
19.98 8.09676444834
19.99 8.08161393802
