0.1 3.83732875607
0.11 4.06160047199
0.12 4.25285148886
0.13 4.41996315698
0.14 4.56851751184
0.15 4.70207983868
0.16 4.82302609422
0.17 4.93306651023
0.18 5.03356484206
0.19 5.12571347625
0.2 5.21061060932
0.21 5.28927838342
0.22 5.36265186091
0.23 5.43155885456
0.24 5.49670219243
0.25 5.55864987476
0.26 5.6178345873
0.27 5.67456167934
0.28 5.72902354087
0.29 5.78131795442
0.3 5.83146815074
0.31 5.87944272068
0.32 5.92517404897
0.33 5.9685744288
0.34 6.00954942927
0.35 6.04800840535
0.36 6.08387226366
0.37 6.11707874198
0.38 6.14758554309
0.39 6.17537169787
0.4 6.20043753368
0.41 6.22280360129
0.42 6.2425088761
0.43 6.25960850363
0.44 6.27417131109
0.45 6.28627725912
0.46 6.29601496381
0.47 6.30347938084
0.48 6.30876971052
0.49 6.31198755623
0.5 6.31323534841
0.51 6.31261503055
0.52 6.31022699353
0.53 6.30616923717
0.54 6.30053673454
0.55 6.2934209725
0.56 6.28490964232
0.57 6.27508645536
0.58 6.26403106062
0.59 6.25181904372
0.6 6.23852198892
0.61 6.22420758878
0.62 6.20893978831
0.63 6.19277895258
0.64 6.17578204913
0.65 6.15800283786
0.66 6.13949206307
0.67 6.12029764314
0.68 6.10046485484
0.69 6.08003650995
0.7 6.05905312258
0.71 6.03755306624
0.72 6.01557272017
0.73 5.99314660481
0.74 5.97030750639
0.75 5.94708659117
0.76 5.92351350965
0.77 5.89961649135
0.78 5.87542243087
0.79 5.85095696585
0.8 5.82624454747
0.81 5.80130850428
0.82 5.77617109993
0.83 5.75085358546
0.84 5.72537624679
0.85 5.69975844789
0.86 5.67401867024
0.87 5.648174549
0.88 5.62224290626
0.89 5.59623978194
0.9 5.57018046249
0.91 5.54407950781
0.92 5.5179507766
0.93 5.49180745044
0.94 5.46566205672
0.95 5.43952649069
0.96 5.41341203659
0.97 5.3873293883
0.98 5.36128866919
0.99 5.33529945167
1.0 5.30937077613
1.01 5.28351116965
1.02 5.2577286642
1.03 5.23203081467
1.04 5.2064247164
1.05 5.18091702258
1.06 5.15551396122
1.07 5.13022135189
1.08 5.10504462209
1.09 5.07998882335
1.1 5.05505864696
1.11 5.0302584394
1.12 5.00559221739
1.13 4.98106368258
1.14 4.9566762359
1.15 4.93243299151
1.16 4.90833679037
1.17 4.88439021336
1.18 4.86059559412
1.19 4.8369550314
1.2 4.81347040098
1.21 4.79014336726
1.22 4.76697539443
1.23 4.74396775713
1.24 4.72112155086
1.25 4.69843770189
1.26 4.67591697678
1.27 4.65355999156
1.28 4.6313672205
1.29 4.60933900446
1.3 4.58747555896
1.31 4.56577698183
1.32 4.54424326053
1.33 4.52287427912
1.34 4.50166982492
1.35 4.48062959483
1.36 4.45975320135
1.37 4.43904017833
1.38 4.41848998635
1.39 4.39810201793
1.4 4.37787560238
1.41 4.35781001047
1.42 4.33790445878
1.43 4.3181581139
1.44 4.2985700963
1.45 4.27913948409
1.46 4.25986531651
1.47 4.2407465972
1.48 4.22178229741
1.49 4.20297135883
