0.0 17.5948667105
0.01 11.4936764544
0.02 8.46844179498
0.03 7.39529206337
0.04 6.84737016231
0.05 6.52390059443
0.06 7.95162217862
0.07 8.42049280613
0.08 6.69839117953
0.09 6.22733864942
0.1 6.91848582199
0.11 10.3387996797
0.12 9.71654571145
0.13 9.40741402173
0.14 8.9920438469
0.15 8.08567633665
0.16 8.18523996626
0.17 7.03465915114
0.18 7.69262116733
0.19 6.84778011203
0.2 10.552579972
0.21 12.7838991833
0.22 7.87083146216
0.23 4.89863684
0.24 4.46013785779
0.25 5.02601823742
0.26 7.2452847573
0.27 9.0628681306
0.28 15.2700001838
0.29 7.76464553323
0.3 7.34692391959
0.31 7.04277396476
0.32 7.31806671536
0.33 7.3961697545
0.34 8.94452678761
0.35 7.05614372788
0.36 6.87116082438
0.37 6.7880841077
0.38 6.86808465157
0.39 10.7151228
0.4 7.90836233409
0.41 12.29319422
0.42 10.6835902024
0.43 7.89207063003
0.44 5.34866226002
0.45 4.54534955738
0.46 4.54475283818
0.47 4.84980214821
0.48 5.98103900958
0.49 9.98129885682
0.5 19.3758216831
0.51 10.5903156743
0.52 13.9256759682
0.53 13.7227766494
0.54 12.225135006
0.55 14.5361963496
0.56 17.1917940999
0.57 27.6823959405
0.58 23.2947325576
0.59 24.5968843806
0.6 26.0303790082
0.61 26.6528051102
0.62 26.4465851422
0.63 25.5148554273
0.64 24.0498383853
0.65 22.2775887145
0.66 30.2791214556
0.67 18.5266614342
0.68 16.9154522841
0.69 17.0989060752
0.7 25.4417382153
0.71 18.630938121
0.72 21.726783024
0.73 12.9932448471
0.74 13.9158995596
0.75 18.5314211271
0.76 16.4979793951
0.77 20.3648614502
0.78 35.5368185678
0.79 30.5272184131
0.8 36.1505143135
0.81 45.6604403966
0.82 44.7601870805
0.83 37.1509953834
0.84 35.0874746948
0.85 39.8409262259
0.86 66.9294823686
0.87 138.668682488
0.88 92.3402149298
0.89 78.1851641309
0.9 84.9370777066
0.91 130.576442471
0.92 167.047226988
0.93 866.643227528
0.94 657.678645372
0.95 421.79984896
0.96 712.448600351
0.97 318.585799237
0.98 282.672301672
0.99 314.076758677
1.0 213.985199418
1.01 58.1567094545
1.02 32.5165117542
1.03 25.6394812987
1.04 21.6257088851
1.05 18.6089975148
1.06 15.8490564552
1.07 13.7376519222
1.08 17.8044524144
1.09 17.8543721628
1.1 13.1358959633
1.11 11.9286276839
1.12 12.1406375757
1.13 12.457970548
1.14 12.8654004709
1.15 13.3328660793
1.16 13.8074707635
1.17 14.2134341583
1.18 14.4799657134
1.19 14.6106367847
1.2 14.815894613
1.21 19.0978160995
1.22 22.3350850335
1.23 18.3177389075
1.24 17.2422301415
1.25 14.7216093417
1.26 13.3529774936
1.27 13.4153697563
1.28 13.8077116972
1.29 14.1939062509
1.3 14.7577861229
1.31 15.8581757071
1.32 16.6636179914
1.33 14.1842072704
1.34 9.80813927693
1.35 7.35452484671
1.36 6.77764231437
1.37 8.46408358722
1.38 5.51962957312
1.39 5.44087761892
1.4 6.64454813324
1.41 7.05255136683
1.42 5.3911773382
1.43 4.70252425824
1.44 4.55501629586
1.45 4.51459584245
1.46 4.64130015531
1.47 5.11910702732
1.48 6.09405567257
1.49 8.02171717942
1.5 9.05733598172
1.51 7.28942438078
1.52 7.49779241408
1.53 6.97708153672
1.54 6.10062464378
1.55 5.91478824211
1.56 6.01373116162
1.57 6.08863600504
1.58 6.19420828094
1.59 6.17833736382
1.6 4.99162111305
1.61 3.79226095717
1.62 4.471782748
1.63 4.13717664337
1.64 3.16077588716
1.65 2.98514850751
1.66 2.95397680882
1.67 2.96758486779
1.68 3.0609110961
1.69 3.28578244965
1.7 3.66845563662
1.71 4.19081147769
1.72 5.19871635513
1.73 6.75283612084
1.74 5.73755882529
1.75 4.36509798689
1.76 3.98099445286
1.77 3.91135842678
1.78 3.96090116185
1.79 4.06923033829
1.8 4.18903703493
1.81 4.29564071917
1.82 4.39646869234
1.83 4.52986164771
1.84 4.75512568158
1.85 5.13200396066
1.86 5.67482186148
1.87 6.26668799346
1.88 6.60599112635
1.89 6.40286664717
1.9 5.75632845483
1.91 5.12614239146
1.92 4.92226697675
1.93 5.29855210916
1.94 6.07051484503
1.95 6.66920283577
1.96 6.682141042
1.97 6.48937136652
1.98 6.77580115752
1.99 7.43009565935
2.0 7.24267825341
2.01 6.05681076848
2.02 5.014761149
2.03 4.47503004064
2.04 4.22146502896
2.05 4.07701585312
2.06 3.98105038405
2.07 3.92013207612
2.08 3.89005979736
2.09 3.88667468702
2.1 3.90472448163
2.11 3.93792841346
2.12 3.97913789297
2.13 4.0205852316
2.14 4.05435140032
2.15 4.07306557303
2.16 4.07082573818
2.17 4.04413426878
2.18 3.99257627912
2.19 3.91902507517
2.2 3.8291955935
2.21 3.73061146233
2.22 3.63131796379
2.23 3.53865044135
2.24 3.45833265485
2.25 3.39405113553
2.26 3.3474801178
2.27 3.31861086022
2.28 3.30624070809
2.29 3.30849322211
2.3 3.32328953706
2.31 3.34865097593
2.32 3.38294542274
2.33 3.42494793862
2.34 3.47382932495
2.35 3.52910760154
2.36 3.59055178471
2.37 3.65807764097
2.38 3.73167406434
2.39 3.81131133108
2.4 3.89690192467
2.41 3.9882267818
2.42 4.08494332289
2.43 4.18657103068
2.44 4.29226946965
2.45 4.40123714758
2.46 4.5123944709
2.47 4.62456250555
2.48 4.73646235451
2.49 4.84677868486
2.5 4.95415957427
2.51 5.05735127374
2.52 5.15521003208
2.53 5.24671966166
2.54 5.33107778853
2.55 5.40764504362
2.56 5.47606813858
2.57 5.53616883792
2.58 5.58797629333
2.59 5.63170789786
2.6 5.6677394675
2.61 5.69656318956
2.62 5.71876567957
2.63 5.73499488095
2.64 5.7459349737
2.65 5.75229875334
2.66 5.75468644018
2.67 5.7538194113
2.68 5.75049585917
2.69 5.74492889961
2.7 5.73772940708
2.71 5.72956054033
2.72 5.72077472183
2.73 5.71167519049
2.74 5.70259561874
2.75 5.69379109335
2.76 5.6854831686
2.77 5.67786980185
2.78 5.67107875748
2.79 5.66521300092
2.8 5.66036303284
2.81 5.65659721949
2.82 5.65392109535
2.83 5.65236241886
2.84 5.65194957575
2.85 5.652558229
2.86 5.65437717599
2.87 5.65714494817
2.88 5.6609722977
2.89 5.66571134604
2.9 5.67143528441
2.91 5.67788978366
2.92 5.68517517719
2.93 5.69315589309
2.94 5.70176323907
2.95 5.71104399845
2.96 5.72082154268
2.97 5.73108718063
2.98 5.74164155728
2.99 5.7526271181
3.0 5.76391438281
3.01 5.7754006756
3.02 5.7871038866
3.03 5.79895604923
3.04 5.81084458747
3.05 5.8228162587
3.06 5.83479076511
3.07 5.8467444992
3.08 5.85851976096
3.09 5.87027387402
3.1 5.88178093014
3.11 5.8931352
3.12 5.90428296407
3.13 5.91521041373
3.14 5.92584261465
3.15 5.93611773771
3.16 5.94618192714
3.17 5.95583893738
3.18 5.96519904245
3.19 5.97412571546
3.2 5.98266555078
3.21 5.99078766699
3.22 5.99847807412
3.23 6.00570171554
3.24 6.01250454966
3.25 6.01884261934
3.26 6.02465079233
3.27 6.0300024006
3.28 6.03484213158
3.29 6.03919305166
3.3 6.04302627811
3.31 6.04629569914
3.32 6.04905318852
3.33 6.05127454394
3.34 6.05295407793
3.35 6.05405659239
3.36 6.05462763179
3.37 6.05466607569
3.38 6.05412081079
3.39 6.05300998356
3.4 6.05137416448
3.41 6.04917352946
3.42 6.04642752624
3.43 6.04312013875
3.44 6.03929021782
3.45 6.03486747758
3.46 6.02996176706
3.47 6.02451136937
3.48 6.0185129451
3.49 6.01202233826
3.5 6.00502124049
3.51 5.9974874623
3.52 5.98949421347
3.53 5.98100344398
3.54 5.97207330838
3.55 5.96263973299
3.56 5.95277061492
3.57 5.94247630893
3.58 5.93175293698
3.59 5.92061237112
3.6 5.90907626268
3.61 5.89715620469
3.62 5.88488301441
3.63 5.87222586495
3.64 5.85922644015
3.65 5.8459120165
3.66 5.83233758394
3.67 5.81842236067
3.68 5.80417172231
3.69 5.78972697419
3.7 5.7749372027
3.71 5.75994676312
3.72 5.74479326984
3.73 5.72943917761
3.74 5.713806488
3.75 5.69809494727
3.76 5.68212833967
3.77 5.66600386475
3.78 5.64978686684
3.79 5.63337111242
3.8 5.61692692743
3.81 5.60034143663
3.82 5.58366104762
3.83 5.56689236006
3.84 5.55008943865
3.85 5.53317651153
3.86 5.51626604624
3.87 5.49929463668
3.88 5.48231366797
3.89 5.46531595555
3.9 5.44828696964
3.91 5.43116578074
3.92 5.41419592533
3.93 5.39717971055
3.94 5.38016800214
3.95 5.36314470364
3.96 5.3462095867
3.97 5.32927691796
3.98 5.3123251253
3.99 5.29546988214
4.0 5.27872542657
4.01 5.26198948682
4.02 5.24506128618
4.03 5.22859570229
4.04 5.21197030656
4.05 5.19543714215
4.06 5.17892461163
4.07 5.16242496669
4.08 5.14614655241
4.09 5.12981588379
4.1 5.11352645942
4.11 5.09738335892
4.12 5.0812352385
4.13 5.06516261609
4.14 5.04913898253
4.15 5.03316861832
4.16 5.01724785802
4.17 5.00139964515
4.18 4.98559788884
4.19 4.96973861172
4.2 4.95412166955
4.21 4.93844825288
4.22 4.92282202121
4.23 4.90723700826
4.24 4.89169379757
4.25 4.87620221709
4.26 4.86072034764
4.27 4.84529087426
4.28 4.82984830089
4.29 4.81436755101
4.3 4.79896534232
4.31 4.78365028016
4.32 4.7682844844
4.33 4.75293355489
4.34 4.73768182861
4.35 4.72237370571
4.36 4.7070265392
4.37 4.69172464547
4.38 4.67636834598
4.39 4.66100185881
4.4 4.64569729559
4.41 4.63050048582
4.42 4.61516693538
4.43 4.59983112375
4.44 4.58448895385
4.45 4.56911709691
4.46 4.55371297633
4.47 4.53835885367
4.48 4.52295808294
4.49 4.50753062787
4.5 4.49208210671
4.51 4.47659774336
4.52 4.46112382124
4.53 4.44558904041
4.54 4.43006702939
4.55 4.41451731051
4.56 4.39884529699
4.57 4.38326120747
4.58 4.36769920339
4.59 4.35204844708
4.6 4.33636390377
4.61 4.32067543233
4.62 4.30495245584
4.63 4.28917563024
4.64 4.27344025455
4.65 4.25765506982
4.66 4.24180057447
4.67 4.22604889933
4.68 4.21015295023
4.69 4.19433554994
4.7 4.17848008713
4.71 4.16258430657
4.72 4.14674323334
4.73 4.13085451582
4.74 4.11494535428
4.75 4.09905544685
4.76 4.08315652391
4.77 4.06725927979
4.78 4.05135002252
4.79 4.03545089519
4.8 4.01955545979
4.81 4.00367359056
4.82 3.9878055964
4.83 3.97195718057
4.84 3.95611011386
4.85 3.94025946055
4.86 3.92447656687
4.87 3.90872064932
4.88 3.89297103292
4.89 3.877269608
4.9 3.86158644332
4.91 3.84594031814
4.92 3.83027453939
4.93 3.81470906922
4.94 3.79917982585
4.95 3.78370288404
4.96 3.76828757374
4.97 3.75291001622
4.98 3.73759343793
4.99 3.72231600984
5.0 3.70710365207
5.01 3.69197022506
5.02 3.67686571638
5.03 3.66185353857
5.04 3.64691646485
5.05 3.63202470056
5.06 3.61722817786
5.07 3.60250655172
5.08 3.58786405732
5.09 3.57330972332
5.1 3.55883363684
5.11 3.54444301204
5.12 3.53013752617
5.13 3.51592912312
5.14 3.50180403363
5.15 3.48778780468
5.16 3.47385895837
5.17 3.46003174511
5.18 3.44630629202
5.19 3.43267966033
5.2 3.41915581398
5.21 3.40573554995
5.22 3.39245902606
5.23 3.37927850206
5.24 3.36617550119
5.25 3.35319441019
5.26 3.34033744645
5.27 3.32759527113
5.28 3.31496532118
5.29 3.30244102357
5.3 3.29003913545
5.31 3.27778240969
5.32 3.26561017161
5.33 3.25358177898
5.34 3.24167351377
5.35 3.22988707959
5.36 3.21822525809
5.37 3.2067015573
5.38 3.19528848718
5.39 3.18400923751
5.4 3.17285552175
5.41 3.16182690293
5.42 3.15093582258
5.43 3.14016611266
5.44 3.12952992148
5.45 3.11902289113
5.46 3.10865007578
5.47 3.09840570119
5.48 3.08829161431
5.49 3.07831146602
5.5 3.06846074008
5.51 3.05874268136
5.52 3.04915940648
5.53 3.03971075648
5.54 3.03038344664
5.55 3.02119398861
5.56 3.01214434855
5.57 3.00320597281
5.58 2.99441493384
5.59 2.98574816127
5.6 2.97721691665
5.61 2.96881643534
5.62 2.96054608156
5.63 2.95241417874
5.64 2.94439870255
5.65 2.93652641991
5.66 2.92876777908
5.67 2.92114635067
5.68 2.91365338204
5.69 2.90629101077
5.7 2.89905160342
5.71 2.89195867305
5.72 2.88496562311
5.73 2.8781027763
5.74 2.87137636752
5.75 2.86477794952
5.76 2.85829451389
5.77 2.85193728701
5.78 2.84570301935
5.79 2.83957949997
5.8 2.83360024566
5.81 2.82772704838
5.82 2.82197875417
5.83 2.81635338724
5.84 2.81084981594
5.85 2.80545968752
5.86 2.80018242525
5.87 2.79502758623
5.88 2.78999365378
5.89 2.78507130768
5.9 2.78025891492
5.91 2.77556250428
5.92 2.77098207121
5.93 2.76651733763
5.94 2.76216469407
5.95 2.75791424599
5.96 2.75377767549
5.97 2.7497555621
5.98 2.74583800729
5.99 2.74202828508
6.0 2.73832558454
6.01 2.73472896326
6.02 2.73123860898
6.03 2.72784404164
6.04 2.72455822816
6.05 2.72137724154
6.06 2.71829944066
6.07 2.71532082983
6.08 2.71244272241
6.09 2.70966465626
6.1 2.70698371958
6.11 2.70440106129
6.12 2.70190833284
6.13 2.69951602731
6.14 2.69723097584
6.15 2.69503191154
6.16 2.69292746262
6.17 2.69091387426
6.18 2.68898942856
6.19 2.68715713795
6.2 2.68541782313
6.21 2.68376438812
6.22 2.68220628396
6.23 2.68073174502
6.24 2.67934297821
6.25 2.6780434277
6.26 2.67682660074
6.27 2.67569276527
6.28 2.67464486794
6.29 2.67368106236
6.3 2.67279813639
6.31 2.67199316149
6.32 2.67128834512
6.33 2.67065021446
6.34 2.67008274295
6.35 2.66959881458
6.36 2.66917646097
6.37 2.66884403777
6.38 2.66858975777
6.39 2.66841035951
6.4 2.66830444322
6.41 2.66828618652
6.42 2.66832659886
6.43 2.66843881742
6.44 2.66862274436
6.45 2.66887488748
6.46 2.66919812275
6.47 2.6695907878
6.48 2.6700504643
6.49 2.67057704778
6.5 2.67117174689
6.51 2.67182968537
6.52 2.67255402066
6.53 2.67333957325
6.54 2.67419592058
6.55 2.67510765705
6.56 2.67608375845
6.57 2.67712059289
6.58 2.67819998048
6.59 2.6793584939
6.6 2.6805738563
6.61 2.68185146413
6.62 2.68318065233
6.63 2.68456890817
6.64 2.68601142804
6.65 2.68750309482
6.66 2.68905830085
6.67 2.69066422388
6.68 2.69232145994
6.69 2.69403322467
6.7 2.69579504497
6.71 2.69760575265
6.72 2.69946656045
6.73 2.70137742578
6.74 2.70333635108
6.75 2.70534441931
6.76 2.70739731922
6.77 2.70951289755
6.78 2.71165674972
6.79 2.71384001933
6.8 2.71607053947
6.81 2.71834474141
6.82 2.72065899936
6.83 2.72301682337
6.84 2.72541458554
6.85 2.72785338117
6.86 2.73032797316
6.87 2.73284311251
6.88 2.73539538893
6.89 2.73798492901
6.9 2.74060975156
6.91 2.74326761457
6.92 2.74596143215
6.93 2.74868794996
6.94 2.75144833921
6.95 2.75423913772
6.96 2.75706106378
6.97 2.75991253147
6.98 2.76279463752
6.99 2.76570362709
7.0 2.76864201143
7.01 2.77160532118
7.02 2.77459552756
7.03 2.77761088259
7.04 2.7806504895
7.05 2.78371371761
7.06 2.78679962148
7.07 2.78990785222
7.08 2.79303557428
7.09 2.79617140269
7.1 2.79933924596
7.11 2.80252562197
7.12 2.80572831693
7.13 2.80894979314
7.14 2.81218614249
7.15 2.81544040156
7.16 2.81870699231
7.17 2.82198620571
7.18 2.82527673639
7.19 2.82857853939
7.2 2.8318915982
7.21 2.83521438494
7.22 2.83854543342
7.23 2.84188528687
7.24 2.84523229772
7.25 2.84858474062
7.26 2.85194153397
7.27 2.85530363119
7.28 2.85866994823
7.29 2.8620362355
7.3 2.86540622104
7.31 2.86877644596
7.32 2.87214629349
7.33 2.87551418775
7.34 2.87888209008
7.35 2.88224638996
7.36 2.88560552483
7.37 2.88896096971
7.38 2.89231892551
7.39 2.89566204927
7.4 2.89899776493
7.41 2.90232526912
7.42 2.90564359377
7.43 2.90895103805
7.44 2.91224742511
7.45 2.91553178037
7.46 2.91880350969
7.47 2.92206057649
7.48 2.92530403314
7.49 2.92853111112
7.5 2.93174099181
7.51 2.93493399233
7.52 2.93810768671
7.53 2.94126320506
7.54 2.94439726399
7.55 2.94751088077
7.56 2.9506020938
7.57 2.95367098262
7.58 2.95671543003
7.59 2.95973542817
7.6 2.9627299498
7.61 2.96569811129
7.62 2.96863851657
7.63 2.97155065067
7.64 2.97443354675
7.65 2.97728753521
7.66 2.9801097987
7.67 2.98290032033
7.68 2.98565913058
7.69 2.98838436202
7.7 2.99107578815
7.71 2.99373250773
7.72 2.99635302395
7.73 2.99893751842
7.74 3.00148390949
7.75 3.00399236623
7.76 3.00646194228
7.77 3.0088918036
7.78 3.01128100956
7.79 3.01362922762
7.8 3.015935582
7.81 3.01819907279
7.82 3.02041966338
7.83 3.02259581637
7.84 3.02472715505
7.85 3.02681366448
7.86 3.02885326731
7.87 3.03084556759
7.88 3.03279120007
7.89 3.03468808552
7.9 3.03653603662
7.91 3.03833492749
7.92 3.04008406799
7.93 3.04178238225
7.94 3.04342928369
7.95 3.04502475126
7.96 3.04656499171
7.97 3.04805516372
7.98 3.04949186698
7.99 3.05087470306
8.0 3.05220303419
8.01 3.05347601413
8.02 3.0546944069
8.03 3.05585633063
8.04 3.05696222084
8.05 3.05801147512
8.06 3.05900363433
8.07 3.05993806512
8.08 3.0608147019
8.09 3.06163274604
8.1 3.06239223597
8.11 3.06309277012
8.12 3.06373427401
8.13 3.06431594701
8.14 3.06483777848
8.15 3.06529937516
8.16 3.06570061096
8.17 3.06604122265
8.18 3.06632107836
8.19 3.06653948891
8.2 3.06669688807
8.21 3.06679290306
8.22 3.06682725777
8.23 3.06680029267
8.24 3.06671101696
8.25 3.0665600171
8.26 3.06634687607
8.27 3.06607178145
8.28 3.06573450931
8.29 3.06533508892
8.3 3.06487321607
8.31 3.06434948022
8.32 3.06376379521
8.33 3.06311573532
8.34 3.06240545629
8.35 3.06163333878
8.36 3.06079931216
8.37 3.05990348021
8.38 3.05894590646
8.39 3.05792682596
8.4 3.05684636158
8.41 3.05570486329
8.42 3.05450212694
8.43 3.05323835605
8.44 3.05191417592
8.45 3.05052962043
8.46 3.04908497135
8.47 3.04758038747
8.48 3.04601624738
8.49 3.04439287099
8.5 3.04271049149
8.51 3.04096945884
8.52 3.03917012408
8.53 3.03731284476
8.54 3.0353979921
8.55 3.03342592863
8.56 3.03139712882
8.57 3.02931192132
8.58 3.02717077149
8.59 3.02497412802
8.6 3.02272242155
8.61 3.02041613164
8.62 3.01805573781
8.63 3.01564173697
8.64 3.01317462724
8.65 3.01065491579
8.66 3.00808315373
8.67 3.00545990377
8.68 3.00278564758
8.69 3.00006117559
8.7 2.99728656293
8.71 2.99446282986
8.72 2.9915904409
8.73 2.98867000081
8.74 2.98570217498
8.75 2.98268746843
8.76 2.97962658681
8.77 2.97652016075
8.78 2.9733688531
8.79 2.97017330898
8.8 2.96693419001
8.81 2.96365219371
8.82 2.96032795093
8.83 2.95696221623
8.84 2.95355564619
8.85 2.95010893464
8.86 2.94662281881
8.87 2.94309796806
8.88 2.93953516988
8.89 2.93593509495
8.9 2.9322984885
8.91 2.92862616383
8.92 2.92491870862
8.93 2.92117694119
8.94 2.91740161552
8.95 2.91359347629
8.96 2.90975327992
8.97 2.90588178464
8.98 2.90197975158
8.99 2.89804794449
9.0 2.89408712949
9.01 2.89009807475
9.02 2.88608155029
9.03 2.88203832766
9.04 2.87796917971
9.05 2.87387488034
9.06 2.86975620424
9.07 2.86561392659
9.08 2.86144882291
9.09 2.8572614801
9.1 2.85305305524
9.11 2.84882411536
9.12 2.84457546322
9.13 2.84030796129
9.14 2.83603346083
9.15 2.83173023608
9.16 2.82741044544
9.17 2.82307475642
9.18 2.81872391947
9.19 2.81435871814
9.2 2.80998022364
9.21 2.80558858247
9.22 2.80118478569
9.23 2.79676997364
9.24 2.79234440455
9.25 2.78790912352
9.26 2.7834647274
9.27 2.77900491375
9.28 2.77454455294
9.29 2.77007732035
9.3 2.76560394034
9.31 2.76112513369
9.32 2.75664161562
9.33 2.75215412122
9.34 2.74766216047
9.35 2.74316866427
9.36 2.73867330989
9.37 2.73417696404
9.38 2.72968011421
9.39 2.72518337656
9.4 2.72068748392
9.41 2.7161931194
9.42 2.71170294882
9.43 2.70721372975
9.44 2.7027278652
9.45 2.69824620528
9.46 2.69376932478
9.47 2.68929752905
9.48 2.68483217258
9.49 2.68037350586
9.5 2.67592246201
9.51 2.67148071008
9.52 2.66704578159
9.53 2.66261993421
9.54 2.65820384432
9.55 2.65379801694
9.56 2.6494033419
9.57 2.64501937752
9.58 2.64064806937
9.59 2.63628918115
9.6 2.63194335404
9.61 2.62761117543
9.62 2.62329325556
9.63 2.61899002112
9.64 2.6147020913
9.65 2.61042952435
9.66 2.6061738407
9.67 2.60193439329
9.68 2.59771278839
9.69 2.59350867255
9.7 2.58932279537
9.71 2.58515547326
9.72 2.5810076773
9.73 2.57687932748
9.74 2.57277106987
9.75 2.5686834055
9.76 2.56461657938
9.77 2.56057140711
9.78 2.55654785478
9.79 2.55254688031
9.8 2.54856831852
9.81 2.54461291645
9.82 2.54068101631
9.83 2.53677285415
9.84 2.53288927352
9.85 2.52903028591
9.86 2.5251959344
9.87 2.52138719394
9.88 2.51760433053
9.89 2.51384750196
9.9 2.51011708247
9.91 2.50641349015
9.92 2.50273701132
9.93 2.49908802647
9.94 2.49546180536
9.95 2.4918689576
9.96 2.48830423143
9.97 2.48476843563
9.98 2.48126153857
9.99 2.47778391957
