500 16.1344047228
501 17.1470466679
502 18.0858755477
503 18.8885036581
504 19.5231743112
505 19.9581425259
506 20.1891562053
507 20.2291612633
508 20.1080069092
509 19.8639222619
510 19.5383358771
511 19.1653611925
512 18.7804829887
513 18.3985908583
514 18.0377771613
515 17.7027243845
516 17.3892145754
517 17.0941509923
518 16.8148441368
519 16.5436669413
520 16.2736402227
521 16.0060728757
522 15.7372363522
523 15.4666132209
524 15.1948278405
525 14.9242437393
526 14.6565888408
527 14.393857744
528 14.1379574089
529 13.89050816
530 13.652667168
531 13.4256316565
532 13.2097364514
533 13.0052139682
534 12.8117208334
535 12.6297315596
536 12.4584381136
537 12.2971489493
538 12.145678921
539 12.0042239332
540 11.8698334149
541 11.7426248385
542 11.6234665305
543 11.510333964
544 11.4030091593
545 11.3014021161
546 11.2043455618
547 11.1118158614
548 11.0221961567
549 10.9377268338
550 10.8557973932
551 10.7770087879
552 10.7011196699
553 10.6276445019
554 10.5560517219
555 10.4876421718
556 10.4208451126
557 10.3553610904
558 10.2923675041
559 10.2311325343
560 10.1715932867
561 10.1137054021
562 10.0574312911
563 10.0028061145
564 9.95003946851
565 9.89871476029
566 9.8491724492
567 9.80151823116
568 9.75570642867
569 9.71240103009
570 9.67165840022
571 9.63382203934
572 9.5995501628
573 9.56887619629
574 9.54229313458
575 9.52100533981
576 9.50530558476
577 9.49611692711
578 9.49402226082
579 9.5000917124
580 9.51518679123
581 9.53992057034
582 9.57510995473
583 9.62161533633
584 9.68002172327
585 9.75085898618
586 9.83451883638
587 9.93157475381
588 10.0415314219
589 10.1644004093
590 10.2998125158
591 10.4471285342
592 10.6054659224
593 10.7736832083
594 10.9503986277
595 11.1340054791
596 11.3226865172
597 11.5144445022
598 11.7071477394
599 11.8985769228
600 12.086414516
601 12.2681156616
602 12.4423327396
603 12.6056365164
604 12.7581658374
605 12.8980320961
606 13.021416981
607 13.1297312276
608 13.2214888873
609 13.296373329
610 13.3542580623
611 13.3954501609
612 13.4202495445
613 13.4296332274
614 13.424623067
615 13.4063646995
616 13.3761374718
617 13.3353282842
618 13.2850197609
619 13.2271705106
620 13.1632122187
621 13.0943937105
622 13.0227442161
623 12.9477683979
624 12.8721636889
625 12.7956165097
626 12.7203842644
627 12.6471127325
628 12.5756914483
629 12.5072091289
630 12.4420545942
631 12.3806901568
632 12.3234303966
633 12.2704766977
634 12.221814189
635 12.1781981499
636 12.1393480567
637 12.1053316907
638 12.0762230053
639 12.0521009163
640 12.0332329052
641 12.0195163294
642 12.0118397337
643 12.01097715
644 12.0176688323
645 12.0336922032
646 12.0612197765
647 12.1032294585
648 12.1641646704
649 12.2480915033
650 12.3612433387
651 12.5104668444
652 12.7018226802
653 12.9463589324
654 13.2483630606
655 13.6160235902
656 14.0516151991
657 14.5582735474
658 15.1219352996
659 15.7316935216
660 16.3596524722
661 16.9788022043
662 17.5466085028
663 18.0132187833
664 18.3429240456
665 18.4966971473
666 18.4621309266
667 18.2426589667
668 17.8589081163
669 17.352868237
670 16.7700506823
671 16.1578332022
672 15.5580110768
673 15.0028712859
674 14.5137974034
675 14.101903424
676 13.769745551
677 13.5137869106
678 13.3252094718
679 13.1942152286
680 13.1097396452
681 13.0616330536
682 13.040340308
683 13.0381225775
684 13.0489588476
685 13.068359773
686 13.0931441062
687 13.1211807098
688 13.1511875582
689 13.1823225017
690 13.2141133569
691 13.2463048956
692 13.2788268822
693 13.3115272212
694 13.3445108553
695 13.3777402431
696 13.4112061624
697 13.4449200372
698 13.4788936765
699 13.513139534
700 13.5476509605
701 13.5823862678
702 13.6174891825
703 13.6528523375
704 13.6878945524
705 13.7234629621
706 13.7596620453
707 13.796283425
708 13.833122733
709 13.8701511571
710 13.9071310835
711 13.9446276128
712 13.9821031693
713 14.019982465
714 14.0578596551
715 14.0962761826
716 14.1345750121
717 14.1730581348
718 14.211446168
719 14.2498757369
720 14.2883473406
721 14.3267450693
722 14.3650665991
723 14.402873474
724 14.441027087
725 14.4791908497
726 14.5165342131
727 14.5544924771
728 14.5915429927
729 14.6277856802
730 14.6638194326
731 14.6998449029
732 14.735281348
733 14.770095695
734 14.8043265651
735 14.8379283241
736 14.8708554797
737 14.9030626999
738 14.9345050747
739 14.9650999105
740 14.9946864399
741 15.0235618549
742 15.0515972096
743 15.0789516711
744 15.1047932284
745 15.1295470416
746 15.1534723149
747 15.1761222555
748 15.1974544884
749 15.2179291828
750 15.2367746721
751 15.2543338944
752 15.2712126966
753 15.286342538
754 15.300112352
755 15.3122228158
756 15.3233064024
757 15.3332682956
758 15.3414917918
759 15.3482770323
760 15.3534809142
761 15.3575987369
762 15.3601698054
763 15.3607518598
764 15.36023616
765 15.3583526581
766 15.3545985101
767 15.3499404818
768 15.3435028239
769 15.3356891085
770 15.3262420406
771 15.315468527
772 15.3032756634
773 15.2897056989
774 15.2748283409
775 15.258485114
776 15.2408046307
777 15.2218027058
778 15.2014584015
779 15.179889704
780 15.1570803172
781 15.1333088166
782 15.1081618638
783 15.0818572283
784 15.0537867094
785 15.0252769002
786 14.9957139249
787 14.9655183422
788 14.9340037415
789 14.9016991567
790 14.8683301965
791 14.8335953007
792 14.7984066582
793 14.7626058394
794 14.7260927701
795 14.6888621473
796 14.6510284551
797 14.6125998751
798 14.5735541845
799 14.5340372085
800 14.4940030377
801 14.4536214657
802 14.4128180946
803 14.3719607256
804 14.330857513
805 14.2893549468
806 14.2477124401
807 14.2059928101
808 14.1642469336
809 14.1226105237
810 14.0811193216
811 14.0396996283
812 13.999591953
813 13.9606306375
814 13.9256007567
815 13.8961470537
816 13.8795689078
817 13.8873111157
818 13.9379313361
819 14.0586014512
820 14.284992191
821 14.6526771946
822 15.2081327984
823 15.9623667123
824 16.9035195277
825 17.9477705213
826 18.9433328442
827 19.7009719859
828 20.0384261437
829 19.858710162
830 19.2067152646
831 18.2345502026
832 17.1449522934
833 16.1135830942
834 15.2511119266
835 14.6013613438
836 14.1638928726
837 13.9152341859
838 13.8259919871
839 13.8718532954
840 14.0413705725
841 14.3308001236
842 14.7491552394
843 15.3058401125
844 16.0086124808
845 16.8543929858
846 17.8308061311
847 18.892399513
848 19.9829613581
849 21.024206781
850 21.9357597358
851 22.6449338154
852 23.1083412153
853 23.3215744072
854 23.3193731416
855 23.1594115398
856 22.9140703253
857 22.6505184476
858 22.4167464426
859 22.2426255078
860 22.1309116731
861 22.0710700657
862 22.0388748048
863 22.0042495476
864 21.9373478264
865 21.8138271294
866 21.6180718578
867 21.3447671184
868 20.9986446022
869 20.5921934504
870 20.1431815849
871 19.6725607077
872 19.2022914157
873 18.7373945983
874 18.3071845752
875 17.9180108916
876 17.5738447666
877 17.2794681554
878 17.0370049109
879 16.8456828222
880 16.6989132219
881 16.594508976
882 16.5277928556
883 16.4936566756
884 16.4874625808
885 16.5040434307
886 16.5378488169
887 16.5877864205
888 16.6493104495
889 16.7196050239
890 16.7966493764
891 16.8801083345
892 16.96370605
893 17.0535201748
894 17.1433293086
895 17.233189472
896 17.3252708226
897 17.4183871405
898 17.5114023802
899 17.6040374476
900 17.697845056
901 17.7916360218
902 17.8863702775
903 17.9816343587
904 18.0776525544
905 18.1746567341
906 18.2722748601
907 18.3708561936
908 18.4706366096
909 18.5715368943
910 18.6737963119
911 18.7775563593
912 18.8825584099
913 18.989735083
914 19.0988812713
915 19.2100841146
916 19.3236054553
917 19.4414716883
918 19.56009393
919 19.6813258714
920 19.8056755493
921 19.9331619445
922 20.063963098
923 20.1982652813
924 20.3362588854
925 20.4763451243
926 20.6221548383
927 20.7727630605
928 20.9274715778
929 21.088513764
930 21.2528090455
931 21.4212009856
932 21.5959720391
933 21.7762926829
934 21.9623771906
935 22.1545018109
936 22.3528649575
937 22.5577236564
938 22.7679672799
939 22.9865116834
940 23.2123186038
941 23.4463933334
942 23.6876775188
943 23.9370889784
944 24.1949665764
945 24.4616625114
946 24.7375111361
947 25.02293806
948 25.3182923368
949 25.6240531432
950 25.9407271208
951 26.2687983956
952 26.6089007759
953 26.9618282615
954 27.3282054508
955 27.7088888332
956 28.1050430933
957 28.5177221017
958 28.9484165481
959 29.3987467207
960 29.8707506568
961 30.3661668083
962 30.8890522938
963 31.442351421
964 32.0300592251
965 32.6575870399
966 33.330899649
967 34.0577370154
968 34.8476734045
969 35.7102435799
970 36.6627787702
971 37.720119176
972 38.9026973507
973 40.2421916916
974 41.7531939318
975 43.4847550669
976 45.4607339126
977 47.7340860639
978 50.3580249366
979 53.388880399
980 56.8920312087
981 60.9019293266
982 65.5565670997
983 70.8764227127
984 76.9949613643
985 83.9008485419
986 91.652775732
987 100.256307562
988 109.67632121
989 119.826996367
990 130.654779603
991 141.774556923
992 153.00816392
993 164.081350912
994 174.586247683
995 184.357936542
996 193.047786195
997 200.4431601
998 206.404326199
999 210.907890678
1000 213.985199418
1001 215.754188909
1002 216.399272757
1003 216.142135545
1004 215.232352888
1005 213.939220487
1006 212.552411285
1007 211.390647244
1008 210.815304468
1009 211.237344758
1010 213.129820364
1011 217.01343599
1012 223.458677581
1013 232.995608562
1014 246.044682167
1015 262.773100856
1016 282.954948962
1017 305.452754821
1018 329.144176714
1019 351.718861997
1020 370.886730127
1021 384.655596985
1022 392.056394075
1023 393.248782044
1024 389.37449322
1025 382.098115227
1026 373.093004388
1027 363.69360779
1028 354.74028193
1029 346.61935312
1030 339.342126631
1031 332.863413396
1032 327.018855969
1033 321.646258951
1034 316.680769972
1035 312.159109443
1036 308.085853871
1037 304.57533018
1038 301.716667465
1039 299.623081516
1040 298.262617176
1041 297.689736861
1042 297.899616696
1043 298.858690843
1044 300.519570733
1045 302.824365159
1046 305.703350387
1047 309.08630695
1048 312.90384605
1049 317.088979205
1050 321.580758446
1051 326.326310672
1052 331.284934182
1053 336.432711388
1054 341.764416258
1055 347.300231743
1056 353.091185636
1057 359.224326732
1058 365.82821601
1059 373.077376036
1060 381.194978691
1061 390.449106676
1062 401.145772297
1063 413.616849251
1064 428.197735593
1065 445.197468912
1066 464.850926197
1067 487.264657764
1068 512.348716209
1069 539.743081672
1070 568.752243445
1071 598.305730268
1072 626.96249193
1073 652.999491489
1074 674.577789846
1075 689.981098604
1076 697.88045269
1077 697.55968643
1078 689.089081433
1079 673.168986667
1080 651.181300544
1081 624.848587455
1082 595.995088095
1083 566.403263155
1084 537.249989489
1085 509.965840476
1086 485.16763295
1087 463.297814292
1088 444.6514088
1089 428.972284646
1090 416.480586547
1091 406.986962557
1092 400.430349448
1093 396.830857071
1094 396.314158824
1095 399.096694291
1096 405.413322765
1097 415.372579106
1098 428.737276254
1099 444.65706467
1100 461.432123052
1101 476.454864273
1102 486.508936197
1103 488.506146776
1104 480.480656454
1105 462.383878239
1106 436.182713046
1107 405.208200272
1108 373.07548813
1109 342.770847472
1110 316.201390796
1111 294.211488851
1112 276.849176968
1113 263.68400779
1114 254.075060505
1115 247.345724207
1116 242.889441899
1117 240.216067898
1118 238.967687096
1119 238.913608849
1120 239.93284756
1121 241.999473542
1122 245.162620156
1123 249.534281637
1124 255.267608083
1125 262.531619354
1126 271.493081382
1127 282.268193957
1128 294.875381609
1129 309.176892874
1130 324.821517649
1131 341.190093508
1132 357.386063825
1133 372.27982609
1134 384.634492429
1135 393.288594987
1136 397.387173954
1137 396.556197004
1138 390.992908693
1139 381.416305407
1140 368.900010856
1141 354.657686144
1142 339.83107298
1143 325.350580469
1144 311.85532107
1145 299.70574606
1146 289.01512478
1147 279.718638208
1148 271.637762273
1149 264.536559815
1150 258.169421948
1151 252.314462496
1152 246.792038566
1153 241.475162252
1154 236.291505804
1155 231.215888959
1156 226.262857038
1157 221.478830657
1158 216.92655885
1159 212.680340228
1160 208.798108709
1161 205.406659331
1162 202.506152919
1163 200.15430881
1164 198.366585389
1165 197.129108188
1166 196.396488699
1167 196.08910704
1168 196.092942997
1169 196.262000279
1170 196.424382457
1171 196.393349194
1172 195.979385579
1173 195.008070161
1174 193.337599668
1175 190.874475862
1176 187.584313558
1177 183.497150416
1178 178.703712192
1179 173.349615194
1180 167.593363809
1181 161.65296108
1182 155.710339519
1183 149.941184959
1184 144.495412236
1185 139.48875151
1186 135.004885308
1187 131.088488436
1188 127.756896779
1189 124.996006594
1190 122.767302944
1191 121.010637205
1192 119.64825009
1193 118.585240486
1194 117.717787204
1195 116.93381238
1196 116.120843849
1197 115.173600712
1198 113.998941112
1199 112.525935052
1200 110.722946572
1201 108.538440062
1202 106.028626931
1203 103.228564344
1204 100.208484203
1205 97.0550953073
1206 93.8613686289
1207 90.7179054345
1208 87.7078245869
1209 84.9005278515
1210 82.3481840449
1211 80.0868447195
1212 78.1357506953
1213 76.5004491184
1214 75.1738502807
1215 74.1397943991
1216 73.3759588565
1217 72.8497285191
1218 72.5333853557
1219 72.3957167276
1220 72.4029758476
1221 72.5263614524
1222 72.7389049172
1223 73.0171146892
1224 73.3416109526
1225 73.6975468857
1226 74.0750341484
1227 74.4695115961
1228 74.8820913772
1229 75.3198748047
1230 75.7961293725
1231 76.3303560282
1232 76.9477862295
1233 77.6785811622
1234 78.5562291429
1235 79.6151340397
1236 80.8872251658
1237 82.3975627026
1238 84.158948487
1239 86.1657299065
1240 88.3872696055
1241 90.7619191652
1242 93.1928169841
1243 95.5472519346
1244 97.6614635299
1245 99.3523143505
1246 100.435734474
1247 100.750255704
1248 100.181769808
1249 98.6829369011
1250 96.2832550186
1251 93.0860053431
1252 89.2529276492
1253 84.9805060804
1254 80.4733439228
1255 75.9219338117
1256 71.484838594
1257 67.2812803234
1258 63.3898077497
1259 59.8527866689
1260 56.682484987
1261 53.8697765302
1262 51.3910668481
1263 49.2146807421
1264 47.3049037783
1265 45.6269130657
1266 44.1471831334
1267 42.8358761735
1268 41.6671953359
1269 40.6193613575
1270 39.6743948254
1271 38.8176912762
1272 38.0371652248
1273 37.3232378504
1274 36.6679698227
1275 36.0687366599
1276 35.5079496318
1277 34.992657061
1278 34.514510769
1279 34.0695644008
1280 33.6542207218
1281 33.2661814016
1282 32.8993122782
1283 32.5539168893
1284 32.2263815314
1285 31.9142360587
1286 31.6156781581
1287 31.3286010282
1288 31.0513829202
1289 30.7825537392
1290 30.5208330453
1291 30.2651443292
1292 30.0145599956
1293 29.7683162184
1294 29.5257786151
1295 29.2864424596
1296 29.0498848447
1297 28.815833632
1298 28.5840445448
1299 28.3543571807
1300 28.1266801047
1301 27.9009670911
1302 27.6772055976
1303 27.4554061248
1304 27.2356245722
1305 27.016335522
1306 26.8008019518
1307 26.5875359891
1308 26.3765984907
1309 26.1680928369
1310 25.9621461502
1311 25.7588621559
1312 25.5583051633
1313 25.3606316739
1314 25.1659030456
1315 24.9742372992
1316 24.7856878091
1317 24.600361765
1318 24.4183327204
1319 24.2396617689
1320 24.0644431008
1321 23.8927051293
1322 23.7245565229
1323 23.5600380806
1324 23.3991780314
1325 23.242051941
1326 23.0886915377
1327 22.9391395409
1328 22.7934224601
1329 22.6516187559
1330 22.5137774556
1331 22.3799842908
1332 22.2503851947
1333 22.125248211
1334 22.005019618
1335 21.8904776197
1336 21.7829392101
1337 21.6845055574
1338 21.5984413786
1339 21.5296467579
1340 21.485139425
1341 21.4745416925
1342 21.5104027985
1343 21.608316245
1344 21.7865492949
1345 22.0649065802
1346 22.4630848498
1347 22.9979667163
1348 23.6796821073
1349 24.5066415872
1350 25.4618536648
1351 26.5059211668
1352 27.5760794357
1353 28.5873384107
1354 29.4413670333
1355 30.0410365401
1356 30.3094927932
1357 30.2082480892
1358 29.746058068
1359 28.9773704989
1360 27.9893089839
1361 26.8807067961
1362 25.7520088885
1363 24.677171309
1364 23.7115072446
1365 22.8861543591
1366 22.2116007829
1367 21.6832539623
1368 21.2872972271
1369 21.0050056781
1370 20.8156897037
1371 20.699451722
1372 20.6388143941
1373 20.6190719218
1374 20.6288872724
1375 20.6604280415
1376 20.706771456
1377 20.7633967399
1378 20.8295416294
1379 20.9027267486
1380 20.9811673873
1381 21.064783246
1382 21.1532683172
1383 21.246329258
1384 21.3438359272
1385 21.4456759456
1386 21.5517115361
1387 21.6618224718
1388 21.7759138221
1389 21.8921383675
1390 22.0153902235
1391 22.1404439591
1392 22.2687980424
1393 22.4002610214
1394 22.5346232635
1395 22.6716034696
1396 22.8109989882
1397 22.9525110291
1398 23.0957266481
1399 23.2384905751
1400 23.3847115066
1401 23.5337563078
1402 23.6812799977
1403 23.8290037033
1404 23.9765160895
1405 24.1234100903
1406 24.2693249894
1407 24.4137940659
1408 24.5564376625
1409 24.6968207117
1410 24.8345087773
1411 24.9690597786
1412 25.1000613952
1413 25.2270691975
1414 25.3496322677
1415 25.467392551
1416 25.5798918044
1417 25.6867653254
1418 25.7875983523
1419 25.8800084
1420 25.9698008527
1421 26.0504798923
1422 26.1238146271
1423 26.1895356777
1424 26.2474178388
1425 26.2972506019
1426 26.3388697828
1427 26.3721425026
1428 26.3969611574
1429 26.4132608742
1430 26.4210344567
1431 26.4202984039
1432 26.4105511897
1433 26.3930691506
1434 26.3677583176
1435 26.333897065
1436 26.2921650125
1437 26.2428182757
1438 26.1861052511
1439 26.1223452383
1440 26.0518477666
1441 25.974931459
1442 25.892070346
1443 25.80362178
1444 25.7099858407
1445 25.6116187201
1446 25.5089577606
1447 25.4024902845
1448 25.2926070153
1449 25.1797876015
1450 25.0645751506
1451 24.9473128586
1452 24.8290007891
1453 24.7087599159
1454 24.5883423394
1455 24.4677298605
1456 24.3473023452
1457 24.2276340267
1458 24.1089957883
1459 23.9918079091
1460 23.8763792266
1461 23.7630598333
1462 23.6522008653
1463 23.5443038769
1464 23.439122674
1465 23.3374266268
1466 23.2392337404
1467 23.1447868369
1468 23.0543232495
1469 22.9680290613
1470 22.8858793521
1471 22.8082735562
1472 22.7351572671
1473 22.6666916523
1474 22.6027126704
1475 22.5439583276
1476 22.4897536001
1477 22.4403427504
1478 22.3957764247
1479 22.3559469184
1480 22.3209762806
1481 22.2907001858
1482 22.2651034873
1483 22.2441338288
1484 22.2277317102
1485 22.2157330595
1486 22.2080937924
1487 22.2046568888
1488 22.2053279856
1489 22.2099486568
1490 22.2184143168
1491 22.2305556989
1492 22.2462080925
1493 22.2651971551
1494 22.287423118
1495 22.3126505275
1496 22.3407439532
1497 22.3714782501
1498 22.4047322844
1499 22.4402659121
1500 22.4779258906
1501 22.51750944
1502 22.5588181442
1503 22.6001274546
1504 22.6459231976
1505 22.6913475522
1506 22.7377592694
1507 22.7849709946
1508 22.8327972891
1509 22.8810265861
1510 22.9295512613
1511 22.9781422704
1512 23.0266569083
1513 23.0786480027
1514 23.1264602876
1515 23.1736951258
1516 23.2150868674
1517 23.2657952351
1518 23.3103693207
1519 23.3537639425
1520 23.3958575237
1521 23.4365110746
1522 23.4756085734
1523 23.5130339729
1524 23.5443474966
1525 23.5824136381
1526 23.6141655204
1527 23.6438358227
1528 23.6713403106
1529 23.6965669751
1530 23.7194787287
1531 23.7399906854
1532 23.7580682104
1533 23.7736148664
1534 23.7865940777
1535 23.7969610147
1536 23.8020001779
1537 23.8091486717
1538 23.809670002
1539 23.8094228954
1540 23.8080307448
1541 23.8021592659
1542 23.7935326387
1543 23.7808943154
1544 23.7679851003
1545 23.7510824244
1546 23.7314577208
1547 23.7091173928
1548 23.6840817007
1549 23.6563786168
1550 23.6260587798
1551 23.5931495355
1552 23.5576796152
1553 23.5196973031
1554 23.4792610505
1555 23.4364004949
1556 23.3911821236
1557 23.343959667
1558 23.293909867
1559 23.2419613258
1560 23.1878732157
1561 23.131734687
1562 23.0736011542
1563 23.0135633898
1564 22.9516719289
1565 22.8880066364
1566 22.8226359524
1567 22.7556308464
1568 22.6870828067
1569 22.6170644756
1570 22.5456487805
1571 22.4729148818
1572 22.3989110439
1573 22.3237490602
1574 22.2475286074
1575 22.1702285806
1576 22.092013383
1577 22.0129684369
1578 21.9331553563
1579 21.8526202757
1580 21.7714393056
1581 21.6910671077
1582 21.6074826522
1583 21.5248891501
1584 21.4418613688
1585 21.3585839728
1586 21.2751240789
1587 21.1915167196
1588 21.107821546
1589 21.0241264025
1590 20.9425144757
1591 20.8589516596
1592 20.775538262
1593 20.692356906
1594 20.6094525016
1595 20.5268604912
1596 20.4445334208
1597 20.3628741955
1598 20.2815586551
1599 20.2006872265
1600 20.1204078561
1601 20.0406908475
1602 19.9616869496
1603 19.8833311219
1604 19.8056926506
1605 19.7289891004
1606 19.6528154355
1607 19.5774470861
1608 19.5031053802
1609 19.4289489967
1610 19.3565873509
1611 19.2847860443
1612 19.2140264201
1613 19.1442041925
1614 19.0749980756
1615 19.007216214
1616 18.9402750499
1617 18.8740508855
1618 18.8093375849
1619 18.7454291117
1620 18.6821259557
1621 18.6203109629
1622 18.5595676759
1623 18.5002096949
1624 18.4415700665
1625 18.3839736255
1626 18.3272967872
1627 18.2721032578
1628 18.2175699854
1629 18.1647139357
1630 18.1121568001
1631 18.0611921654
1632 18.0112278541
1633 17.9620880938
1634 17.9143643719
1635 17.8670708914
1636 17.8212628209
1637 17.7763915583
1638 17.7325184466
1639 17.6898730909
1640 17.6480289998
1641 17.6069591661
1642 17.567130272
1643 17.528348873
1644 17.4903378331
1645 17.4531297919
1646 17.4168468516
1647 17.3816170252
1648 17.3472198937
1649 17.3138410945
1650 17.2811058788
1651 17.2494209109
1652 17.2184145143
1653 17.1882287193
1654 17.1589237302
1655 17.1305843876
1656 17.102539124
1657 17.0756528046
1658 17.0491887764
1659 17.0237679509
1660 16.9986978854
1661 16.9746160264
1662 16.9509193988
1663 16.9280280102
1664 16.9059093308
1665 16.8842440955
1666 16.8631768884
1667 16.8425383917
1668 16.8227702758
1669 16.8033564428
1670 16.7845494672
1671 16.7661990326
1672 16.7482160822
1673 16.7308412912
1674 16.7139514155
1675 16.6976331086
1676 16.6814736354
1677 16.6658682383
1678 16.6506497804
1679 16.6358094502
1680 16.6215096448
1681 16.6074114936
1682 16.5934527115
1683 16.5799905022
1684 16.5669079935
1685 16.5539696205
1686 16.5413919485
1687 16.5290656817
1688 16.5170154773
1689 16.5050490143
1690 16.4934271834
1691 16.4822492364
1692 16.4709685531
1693 16.4597524752
1694 16.4489710271
1695 16.4383930343
1696 16.4278148271
1697 16.4175237249
1698 16.4071930531
1699 16.3969713549
1700 16.3868461076
1701 16.3768052415
1702 16.3668390757
1703 16.3569394883
1704 16.3470934871
1705 16.3372950551
1706 16.3275283985
1707 16.317789166
1708 16.3076384351
1709 16.2979545986
1710 16.2882473893
1711 16.2787529972
1712 16.2690133082
1713 16.2591878643
1714 16.2494532734
1715 16.2395620208
1716 16.22972943
1717 16.2197427015
1718 16.2098276298
1719 16.1997488632
1720 16.189551549
1721 16.1793726115
1722 16.1690543403
1723 16.1586800878
1724 16.1482172135
1725 16.1376325847
1726 16.1269787987
1727 16.1162406382
1728 16.1054204353
1729 16.0945274354
1730 16.0835710033
1731 16.0725662038
1732 16.0615368883
1733 16.0505122969
1734 16.0395308524
1735 16.0286424404
1736 16.0179123456
1737 16.0074211953
1738 15.9972696596
1739 15.9875859388
1740 15.9785272293
1741 15.9702836031
1742 15.9630822423
1743 15.9572006749
1744 15.952971392
1745 15.9507698249
1746 15.9510509273
1747 15.9543371749
1748 15.9612243106
1749 15.9723940173
1750 15.9886098331
1751 16.0107191225
1752 16.0396544671
1753 16.0764308073
1754 16.1221684801
1755 16.1780320195
1756 16.2452419926
1757 16.3250935953
1758 16.4188463317
1759 16.5278345949
1760 16.6532688243
1761 16.7963305253
1762 16.9581677307
1763 17.1397485345
1764 17.3416312733
1765 17.5643643619
1766 17.8080043183
1767 18.0722596276
1768 18.3564670049
1769 18.6583984754
1770 18.9778404305
1771 19.3115357467
1772 19.6564964305
1773 20.0086591433
1774 20.3635730377
1775 20.7160259908
1776 21.0604460803
1777 21.3906252642
1778 21.7003038248
1779 21.9830210655
1780 22.2276990567
1781 22.442672914
1782 22.6085150793
1783 22.7255654573
1784 22.7905577212
1785 22.8014444005
1786 22.7575463534
1787 22.6595134116
1788 22.5094809345
1789 22.3107253413
1790 22.0676553035
1791 21.7855616719
1792 21.4704353731
1793 21.1285449903
1794 20.7663914317
1795 20.3906561859
1796 20.0072627913
1797 19.6321986164
1798 19.2402721858
1799 18.8761559212
1800 18.5042640053
1801 18.1662659275
1802 17.8276586803
1803 17.5174218991
1804 17.2278424022
1805 16.959626272
1806 16.7129779732
1807 16.4877997332
1808 16.2836842062
1809 16.0997814804
1810 15.9352509893
1811 15.7888577698
1812 15.6595139954
1813 15.5459288651
1814 15.4467778676
1815 15.3607731527
1816 15.2866564245
1817 15.2231709149
1818 15.1691636229
1819 15.1235659919
1820 15.0853487228
1821 15.0536072217
1822 15.0274976645
1823 15.006289595
1824 14.9893195579
1825 14.9760179815
1826 14.9658741409
1827 14.9584757285
1828 14.9534411511
1829 14.9504734707
1830 14.9493052431
1831 14.9497427354
1832 14.952592492
1833 14.9547271988
1834 14.9590171915
1835 14.9643969636
1836 14.9707904999
1837 14.9781291317
1838 14.9863774779
1839 14.9955008467
1840 15.0054809399
1841 15.0163059114
1842 15.0279382762
1843 15.0403892331
1844 15.0536411398
1845 15.0677002253
1846 15.0825601765
1847 15.0982224584
1848 15.1146764456
1849 15.13191815
1850 15.1499326402
1851 15.1687395965
1852 15.1883392453
1853 15.2087037861
1854 15.2298532289
1855 15.2517706425
1856 15.2744696437
1857 15.2979406695
1858 15.3221867644
1859 15.3472069664
1860 15.3729990616
1861 15.399576704
1862 15.4269310744
1863 15.455097025
1864 15.4840664192
1865 15.5138704722
1866 15.544554066
1867 15.5761299198
1868 15.6086475693
1869 15.6421575209
1870 15.6767335179
1871 15.7124528207
1872 15.749384529
1873 15.7876713701
1874 15.8274115716
1875 15.8688657265
1876 15.9118445076
1877 15.9569844334
1878 16.0041531543
1879 16.0537776107
1880 16.1060826333
1881 16.1613293784
1882 16.2198575073
1883 16.2820018424
1884 16.3481322065
1885 16.4186249395
1886 16.4939465465
1887 16.5745016506
1888 16.660800598
1889 16.7532815571
1890 16.8525085519
1891 16.9589355988
1892 17.0731396828
1893 17.1946717622
1894 17.3256793413
1895 17.4656860249
1896 17.6158125972
1897 17.7757638251
1898 17.9461317259
1899 18.1272181572
1900 18.3192335807
1901 18.5223059404
1902 18.7364522494
1903 18.9615987378
1904 19.197520394
1905 19.4438853849
1906 19.7002192074
1907 19.9659326513
1908 20.2403486437
1909 20.5227322841
1910 20.8123640419
1911 21.1086278149
1912 21.4111471865
1913 21.719923614
1914 22.0355311765
1915 22.3593162995
1916 22.6935948715
1917 23.0418161505
1918 23.4087144293
1919 23.8002683721
1920 24.223608075
1921 24.686727675
1922 25.1979302021
1923 25.7652775637
1924 26.3949676876
1925 27.0912207261
1926 27.8540606354
1927 28.6779855213
1928 29.5507472782
1929 30.4521342703
1930 31.3537615598
1931 32.2186011635
1932 33.0037723108
1933 33.6621301452
1934 34.1477861365
1935 34.4195857879
1936 34.4474734072
1937 34.2118589334
1938 33.7264271543
1939 32.9970203397
1940 32.061155195
1941 30.9624086316
1942 29.7497592909
1943 28.4727145181
1944 27.1773658541
1945 25.8987965816
1946 24.6781136647
1947 23.5265327479
1948 22.461432343
1949 21.4889990632
1950 20.6107894568
1951 19.8238734929
1952 19.1224060999
1953 18.4990581747
1954 17.9455611721
1955 17.4534618119
1956 17.0149772335
1957 16.6224079274
1958 16.2690231979
1959 15.9489401889
1960 15.6570141659
1961 15.3890365673
1962 15.1414733824
1963 14.9114119151
1964 14.696505409
1965 14.4948044689
1966 14.3047630385
1967 14.1240290566
1968 13.9547888241
1969 13.7920877643
1970 13.6389090163
1971 13.4919209086
1972 13.3507462307
1973 13.2169774611
1974 13.0880732275
1975 12.9643573031
1976 12.8454063974
1977 12.7308921143
1978 12.6205115795
1979 12.5139839516
1980 12.4110272885
1981 12.3114140212
1982 12.2149109081
1983 12.1213404372
1984 12.0305149057
1985 11.9423022045
1986 11.8565010851
1987 11.773031126
1988 11.6915635079
1989 11.6126147291
1990 11.5354902933
1991 11.4601055769
1992 11.3869912128
1993 11.315460465
1994 11.2457038374
1995 11.1774996214
1996 11.1112832074
1997 11.0465252623
1998 10.9833816585
1999 10.9217920343
