1.0 2.98055737789
1.01 2.89810263023
1.02 2.97176504459
1.03 3.09013563924
1.04 3.05878433782
1.05 2.83302598895
1.06 2.54148427754
1.07 2.30890517282
1.08 2.17316685741
1.09 2.12269643453
1.1 2.14286764832
1.11 2.23351428173
1.12 2.40327830939
1.13 2.65250754809
1.14 2.95725864238
1.15 3.26723073778
1.16 3.52517568771
1.17 3.69179954492
1.18 3.75306418609
1.19 3.71171665678
1.2 3.58400581139
1.21 3.40472612874
1.22 3.22555864362
1.23 3.10094439249
1.24 3.07368540244
1.25 3.16823908863
1.26 3.39134736034
1.27 3.73220648628
1.28 4.16305497557
1.29 4.64331230815
1.3 5.12800190866
1.31 5.57283040848
1.32 5.93096613359
1.33 6.15038677898
1.34 6.18582011041
1.35 6.02844999644
1.36 5.72719465306
1.37 5.3711803972
1.38 5.050063588
1.39 4.81957116574
1.4 4.69240822389
1.41 4.64814988717
1.42 4.64741945496
1.43 4.64779790314
1.44 4.61709600801
1.45 4.54205496272
1.46 4.43029852029
1.47 4.30481075762
1.48 4.19477460443
1.49 4.1261301895
1.5 4.11474180655
1.51 4.16265206684
1.52 4.25594919653
1.53 4.36790202648
1.54 4.464186101
1.55 4.51211985965
1.56 4.48850224737
1.57 4.38175126654
1.58 4.18926249318
1.59 3.91384665082
1.6 3.56652008791
1.61 3.17612083527
1.62 2.79628582745
1.63 2.49001225408
1.64 2.2942984818
1.65 2.19784279493
1.66 2.19582761168
1.67 2.67918702476
1.68 2.92633898446
1.69 2.34518121947
1.7 3.4631755405
1.71 4.90314286586
1.72 4.3996243944
1.73 3.97492739925
1.74 3.69263909342
1.75 5.47415713678
1.76 9.38265705682
1.77 6.32490066156
1.78 6.8321822301
1.79 3.331019051
1.8 4.27902388266
1.81 6.60773467373
1.82 3.97902064884
1.83 3.72568970365
1.84 4.06710133555
1.85 2.65391785432
1.86 2.57339532801
1.87 4.65564749158
1.88 4.38975113859
1.89 4.81955262153
1.9 6.16512045733
1.91 5.40204772645
1.92 7.52969756839
1.93 8.89622330963
1.94 9.97580712274
1.95 11.4661687588
1.96 11.5514064738
1.97 15.214527802
1.98 13.1497248287
1.99 21.9523761385
2.0 213.985199421
2.01 620.510211696
2.02 818.95321265
2.03 84.0817264329
2.04 49.1668351701
2.05 49.3932473343
2.06 29.2684214819
2.07 24.668523482
2.08 28.4252407497
2.09 22.0568151745
2.1 23.9279349108
2.11 17.0590218251
2.12 11.9908280221
2.13 8.2919798136
2.14 5.94379090157
2.15 5.04474977609
2.16 7.56432883895
2.17 6.79317973495
2.18 8.42086242445
2.19 4.94700969797
2.2 3.95658492354
2.21 3.7210770072
2.22 6.98288994499
2.23 7.05161933076
2.24 6.35353343338
2.25 5.68199138536
2.26 5.62960733476
2.27 8.10629695833
2.28 6.13238997508
2.29 9.53994717959
2.3 24.42209843
2.31 14.5862032167
2.32 7.67615131763
2.33 6.22131344543
2.34 5.33903008236
2.35 4.49589973651
2.36 4.90339452753
2.37 5.40912035841
2.38 5.6803324802
2.39 6.80565112693
2.4 4.1731065958
2.41 4.6779430303
2.42 4.68242738955
2.43 5.49785934099
2.44 9.541340753
2.45 7.23422540197
2.46 7.20145147714
2.47 7.42537287841
2.48 4.35554353064
2.49 4.14303920695
2.5 4.21347557116
2.51 4.24906857188
2.52 4.32426865122
2.53 6.95123734446
2.54 3.92127391964
2.55 3.14338439733
2.56 2.92975777995
2.57 3.42604044328
2.58 3.57938118911
2.59 3.17469654936
2.6 3.28050693815
2.61 5.89880468505
2.62 5.99449917872
2.63 7.42766464054
2.64 12.9187771951
2.65 20.8235086361
2.66 6.48375795182
2.67 4.73092538371
2.68 5.30688169501
2.69 5.28551923499
2.7 4.8096909631
2.71 7.69726966796
2.72 6.41869941448
2.73 5.20622481781
2.74 4.73736935514
2.75 4.36796185363
2.76 5.67658195984
2.77 3.77683497611
2.78 3.96822164228
2.79 6.4159395997
2.8 5.78590808964
2.81 4.33907802231
2.82 3.71239828932
2.83 5.17143536432
2.84 5.28140850376
2.85 5.83927983932
2.86 4.74653076474
2.87 5.48440146931
2.88 4.00165897234
2.89 4.52604136081
2.9 8.15018544783
2.91 7.28732697256
2.92 7.47177768127
2.93 5.58298893376
2.94 4.21324430944
2.95 3.58271545405
2.96 3.8733634194
2.97 4.4879981173
2.98 4.37477965422
2.99 3.75626529839
3.0 3.34486583738
3.01 4.18254335928
3.02 3.57851164546
3.03 3.32030148178
3.04 3.60672490319
3.05 4.25805321508
3.06 5.14243900989
3.07 5.3874887819
3.08 4.69321529244
3.09 4.20925768664
3.1 4.34018283036
3.11 7.22528364088
3.12 6.14850784698
3.13 8.08773053952
3.14 9.1648541072
3.15 8.63281807422
3.16 7.52889740355
3.17 6.80501865507
3.18 8.66467995686
3.19 5.40519916802
3.2 4.96576373555
3.21 4.66654512482
3.22 4.42425923765
3.23 4.21929708448
3.24 4.03864430077
3.25 3.87514925341
3.26 5.52808465399
3.27 3.59293353769
3.28 3.47865584131
3.29 3.42245156295
3.3 3.74275762998
3.31 5.20765529151
3.32 7.15290530444
3.33 5.56872810441
3.34 3.98125991512
3.35 3.70995040462
3.36 3.69260727758
3.37 3.50961630282
3.38 3.69872862196
3.39 4.09587573295
3.4 4.76304190778
3.41 5.65686542238
3.42 6.60682810018
3.43 7.42391192375
3.44 9.27710788888
3.45 8.2438053135
3.46 5.58293653497
3.47 5.13611757901
3.48 5.07003957398
3.49 5.14058817431
3.5 5.24716059337
3.51 5.59942588183
3.52 8.63077688609
3.53 6.11805960821
3.54 5.40388848159
3.55 5.89248254545
3.56 7.6464078257
3.57 9.67573255961
3.58 8.47729536751
3.59 6.89194417797
3.6 6.24497054723
3.61 5.98183911972
3.62 5.83032379564
3.63 5.72825223872
3.64 5.65649194694
3.65 5.60231628388
3.66 5.55676681252
3.67 5.51338785696
3.68 5.46779411563
3.69 5.46665970621
3.7 6.38528478099
3.71 7.80624576721
3.72 5.6980938546
3.73 5.11038742058
3.74 5.05209253855
3.75 7.01356949616
3.76 5.2935376049
3.77 4.73849592188
3.78 4.99075847399
3.79 5.52770220227
3.8 5.9950582656
3.81 6.05451044482
3.82 5.73622906963
3.83 5.26945687557
3.84 4.82287052081
3.85 4.48500603209
3.86 4.50756832067
3.87 5.56652844362
3.88 6.15762817321
3.89 5.36666584054
3.9 6.35315783052
3.91 7.66412588528
3.92 6.82719359881
3.93 5.12615503001
3.94 4.0896408894
3.95 3.68157474584
3.96 3.59353267274
3.97 3.6668348505
3.98 3.86844603081
3.99 4.21459915053
4.0 4.80877560199
4.01 6.37254467811
4.02 8.36136299852
4.03 7.2790695161
4.04 5.82713472699
4.05 5.19067826918
4.06 4.94470980898
4.07 6.49074268292
4.08 5.13102593499
4.09 4.35870197767
4.1 4.33764477747
4.11 4.4247846632
4.12 4.85795116653
4.13 4.31484443396
4.14 4.27914227659
4.15 4.22586209551
4.16 4.1567974384
4.17 4.0746785937
4.18 3.9830658323
4.19 3.88587892597
4.2 3.78752549251
4.21 3.69161579136
4.22 3.60164248149
4.23 3.52035535667
4.24 3.44972026606
4.25 3.39097899416
4.26 3.34583586874
4.27 3.31558923848
4.28 3.30235601103
4.29 3.30912969524
4.3 3.34096053425
4.31 3.44251155625
4.32 3.86302797982
4.33 4.84469691657
4.34 5.54988885963
4.35 5.19860895552
4.36 4.71435523183
4.37 5.2981410723
4.38 8.03452484558
4.39 8.07297847585
4.4 4.88506403043
4.41 4.4048071718
4.42 4.4392841005
4.43 4.71332840921
4.44 5.25496119304
4.45 5.68256785631
4.46 5.49200192711
4.47 4.79524925045
4.48 4.07126361536
4.49 3.54927761873
4.5 3.21958518363
4.51 3.0097670698
4.52 2.86491990928
4.53 2.75554473748
4.54 2.66799147556
4.55 2.5964730209
4.56 2.53795167144
4.57 2.49051215241
4.58 2.45253459088
4.59 2.42259581327
4.6 2.39940106328
4.61 2.38183226097
4.62 2.36888093616
4.63 2.35975921321
4.64 2.35382709463
4.65 2.35059765458
4.66 2.34974992611
4.67 2.35102380593
4.68 2.3542826899
4.69 2.37425004111
4.7 2.91958520882
4.71 3.37513055994
4.72 2.50957648671
4.73 2.40097855921
4.74 2.4132067403
4.75 2.42995605787
4.76 2.4489689053
4.77 2.470404936
4.78 2.49442111825
4.79 2.52123501413
4.8 2.55106032129
4.81 2.58419610081
4.82 2.62087305216
4.83 2.66142839228
4.84 2.70616839461
4.85 2.75558689363
4.86 2.84639076938
4.87 3.86517394032
4.88 3.61246791129
4.89 3.01600468831
4.9 3.08456329969
4.91 3.17019168071
4.92 3.26329502878
4.93 3.36803113871
4.94 3.58260892684
4.95 4.43485809748
4.96 5.54295495054
4.97 4.95385232649
4.98 4.25940454057
4.99 4.19270883758
5.0 4.33650256611
5.01 4.67169284492
5.02 6.18901535601
5.03 6.92583319234
5.04 5.4206418338
5.05 5.28579884982
5.06 5.47688264686
5.07 5.67377183337
5.08 5.8636547312
5.09 6.04256170062
5.1 6.20568638547
5.11 6.34764362428
5.12 6.46342598269
5.13 6.54803814115
5.14 6.59702571573
5.15 6.60659320386
5.16 6.57442765485
5.17 6.49938199336
5.18 6.38201218544
5.19 6.22457422403
5.2 6.03151968935
5.21 5.82175158885
5.22 5.69658972568
5.23 5.90824182275
5.24 6.54960166759
5.25 6.97709447346
5.26 6.44831993636
5.27 5.37203403754
5.28 4.46588805615
5.29 3.89021512005
5.3 3.53573868391
5.31 3.29018258219
5.32 3.09799127858
5.33 2.93612130718
5.34 2.79651298088
5.35 2.67609248558
5.36 2.57280370827
5.37 2.48501713199
5.38 2.41075948912
5.39 2.34846553807
5.4 2.29656859105
5.41 2.25362930555
5.42 2.21818754433
5.43 2.18902113839
5.44 2.16509819519
5.45 2.14556221414
5.46 2.13072655607
5.47 2.18537378871
5.48 2.74413552238
5.49 3.03165144719
5.5 2.31004004201
5.51 2.09664868886
5.52 2.07897053341
5.53 2.07479696461
5.54 2.07161060062
5.55 2.0690807983
5.56 2.06716396079
5.57 2.06581428336
5.58 2.06502626858
5.59 2.06483126609
5.6 2.06530815622
5.61 2.06782008157
5.62 2.15228625433
5.63 2.7909063982
5.64 2.92782906495
5.65 2.26140759751
5.66 2.11823851856
5.67 2.13715086092
5.68 2.17997192605
5.69 2.24188017
5.7 2.32613453841
5.71 2.43443518368
5.72 2.56696791061
5.73 2.72041466464
5.74 2.88890135101
5.75 3.06515033572
5.76 3.23933208637
5.77 3.40261735239
5.78 3.54728302018
5.79 3.66831367487
5.8 3.76336170817
5.81 3.83266329041
5.82 3.87871543509
5.83 3.90557404421
5.84 3.91748989787
5.85 3.91824956662
5.86 3.91186576382
5.87 3.90168403502
5.88 3.89022027916
5.89 3.87954348953
5.9 3.92615245766
5.91 4.75330301975
5.92 5.63940082732
5.93 4.17366631215
5.94 3.87307531249
5.95 3.87701774035
5.96 3.8920196204
5.97 3.91211641409
5.98 3.93894591706
5.99 4.00158030633
6.0 4.28282812521
6.01 5.13706312732
6.02 6.06221840638
6.03 5.63891938611
6.04 4.71536858856
6.05 4.33540376882
6.06 4.29793475163
6.07 4.33755103662
6.08 4.38196695065
6.09 4.41923876694
6.1 4.44663530637
6.11 4.46154164087
6.12 4.46155794458
6.13 4.44460025346
6.14 4.40924724343
6.15 4.35553703372
6.16 4.28409091988
6.17 4.19606696216
6.18 4.0946043287
6.19 3.98265126844
6.2 3.86395167064
6.21 3.74237128813
6.22 3.62262700918
6.23 3.5075753887
6.24 3.4001535385
6.25 3.30268731268
6.26 3.21731602326
6.27 3.14426318822
6.28 3.0842359252
6.29 3.03685097758
6.3 3.00124691519
6.31 2.97669534381
6.32 2.96208609112
6.33 2.95594280564
6.34 2.95690151555
6.35 2.96383176987
6.36 2.97545970625
6.37 2.99102847105
6.38 3.00971573893
6.39 3.03038596553
6.4 3.05297146149
6.41 3.07682027533
6.42 3.10160143505
6.43 3.12678061927
6.44 3.15203537551
6.45 3.17739285404
6.46 3.20226645529
6.47 3.22717603851
6.48 3.25306696006
6.49 3.28300706608
6.5 3.32273252893
6.51 3.38161347612
6.52 3.46956836367
6.53 3.59807275545
6.54 3.77430395152
6.55 4.01231480987
6.56 4.34611408169
6.57 4.86578507925
6.58 5.66798016887
6.59 6.67282558437
6.6 7.35482741189
6.61 7.15089574301
6.62 6.28246732877
6.63 5.43149321446
6.64 4.8775380512
6.65 4.56021017328
6.66 4.34654543947
6.67 4.16479482885
6.68 3.99802986965
6.69 3.84307673126
6.7 3.83420959447
6.71 4.8455098969
6.72 4.71668510662
6.73 3.49623211061
6.74 3.24432170858
6.75 3.15141530488
6.76 3.06910588637
6.77 2.99438282113
6.78 2.92529821536
6.79 2.86184181897
6.8 2.80316618858
6.81 2.74881562537
6.82 2.69822861604
6.83 2.65195046308
6.84 2.60853577145
6.85 2.5686732083
6.86 2.53193458149
6.87 2.49781348159
6.88 2.46656941161
6.89 2.43771555959
6.9 2.41137544048
6.91 2.38734473062
6.92 2.36531434673
6.93 2.34545507177
6.94 2.3273624281
6.95 2.31106304966
6.96 2.29638368296
6.97 2.28325490366
6.98 2.27149962649
6.99 2.26106852658
7.0 2.2517667632
7.01 2.24355959489
7.02 2.23626494486
7.03 2.22996607042
7.04 2.22438502272
7.05 2.21948722258
7.06 2.21527206335
7.07 2.21158765812
7.08 2.20837366897
7.09 2.20559347291
7.1 2.20320990125
7.11 2.20119609691
7.12 2.20477693764
7.13 2.31415904284
7.14 2.88530799236
7.15 3.22573005445
7.16 2.55311587299
7.17 2.23259301703
7.18 2.19404962896
7.19 2.19198446109
7.2 2.19137656329
7.21 2.19085291679
7.22 2.19038800736
7.23 2.18997485783
7.24 2.18960452478
7.25 2.18927226561
7.26 2.18897336025
7.27 2.18870075242
7.28 2.18845982997
7.29 2.18824016511
7.3 2.18804226944
7.31 2.18786630039
7.32 2.18770780295
7.33 2.18756986538
7.34 2.18745369399
7.35 2.18741234194
7.36 2.18800849918
7.37 2.19338609846
7.38 2.22295881228
7.39 2.33426638179
7.4 2.61310571961
7.41 3.03310870216
7.42 3.25937422959
7.43 3.00630483654
7.44 2.57564090081
7.45 2.30721872089
7.46 2.21180367733
7.47 2.19125473166
7.48 2.18889718823
7.49 2.18916734104
7.5 2.18974975482
7.51 2.19047233139
7.52 2.19133653225
7.53 2.19237510707
7.54 2.19361637423
7.55 2.19509655757
7.56 2.196851185
7.57 2.19893004627
7.58 2.20137777775
7.59 2.2042573316
7.6 2.20763145795
7.61 2.21158127999
7.62 2.21616840261
7.63 2.22151741802
7.64 2.22769178721
7.65 2.23483108421
7.66 2.24301624456
7.67 2.25240988955
7.68 2.26311758276
7.69 2.27537315981
7.7 2.28919352997
7.71 2.30480813668
7.72 2.32235605255
7.73 2.34200055583
7.74 2.36409994873
7.75 2.42600734742
7.76 3.02493291893
7.77 3.5416389959
7.78 2.67547850507
7.79 2.51760413569
7.8 2.54993734231
7.81 2.59084070646
7.82 2.63608864565
7.83 2.69696586288
7.84 2.82076421815
7.85 3.12638084588
7.86 3.705206711
7.87 4.26369178346
7.88 4.18787720343
7.89 3.64319436811
7.9 3.25269358242
7.91 3.14156867677
7.92 3.1603709492
7.93 3.2089215583
7.94 3.26106875105
7.95 3.3134832896
7.96 3.36684871906
7.97 3.42278638722
7.98 3.48225025737
7.99 3.54759319831
8.0 3.61958333841
8.01 3.69940562165
8.02 3.78733417363
8.03 3.88436970956
8.04 3.98629064989
8.05 4.09007828651
8.06 4.18979027241
8.07 4.27761253404
8.08 4.3459295797
8.09 4.3866892961
8.1 4.39321539998
8.11 4.36189813926
8.12 4.29296231302
8.13 4.19024049618
8.14 4.06180954539
8.15 3.91725307325
8.16 3.76663136253
8.17 3.62068188334
8.18 3.48873109418
8.19 3.37532989322
8.2 3.28738325522
8.21 3.22496953477
8.22 3.18843427385
8.23 3.17926539528
8.24 3.19536602589
8.25 3.23504513007
8.26 3.29587172384
8.27 3.3760182206
8.28 3.47214988764
8.29 3.58166187276
8.3 3.70095901026
8.31 3.82684166595
8.32 3.95393817964
8.33 4.07889092487
8.34 4.19752517613
8.35 4.30539677207
8.36 4.39838413681
8.37 4.47244110191
8.38 4.52547153736
8.39 4.5552722856
8.4 4.56109497714
8.41 4.54353827551
8.42 4.5032755847
8.43 4.44232950574
8.44 4.36439135811
8.45 4.2731665562
8.46 4.17089872972
8.47 4.06211071667
8.48 3.94955178675
8.49 3.83563042777
8.5 3.72529548503
8.51 3.61851400416
8.52 3.52074739462
8.53 3.43133221542
8.54 3.35414204652
8.55 3.29114425374
8.56 3.24605308235
8.57 3.22015563406
8.58 3.21780395789
8.59 3.24043509194
8.6 3.29058863737
8.61 3.36717955516
8.62 3.46612182052
8.63 3.58318742991
8.64 3.70340006703
8.65 3.81138337966
8.66 3.88938433319
8.67 3.91939335062
8.68 3.89107294638
8.69 3.80217234673
8.7 3.66257441376
8.71 3.48793835448
8.72 3.29731475314
8.73 3.1118961346
8.74 2.94604828199
8.75 2.80181068661
8.76 2.68620383544
8.77 2.5975729429
8.78 2.53192384581
8.79 2.48566679747
8.8 2.45379254272
8.81 2.43267104042
8.82 2.41966893806
8.83 2.41258113982
8.84 2.41021077387
8.85 2.41202231899
8.86 2.41784721782
8.87 2.42754798629
8.88 2.4414923691
8.89 2.45961803865
8.9 2.4820640605
8.91 2.5089169208
8.92 2.53981638376
8.93 2.57486718469
8.94 2.61362244683
8.95 2.65558318897
8.96 2.70023891297
8.97 2.74718021681
8.98 2.79554069916
8.99 2.84500051331
9.0 2.89415237501
9.01 2.94356362394
9.02 2.99184505347
9.03 3.03847478563
9.04 3.08332309515
9.05 3.1263479202
9.06 3.16702037019
9.07 3.20611735133
9.08 3.24414481538
9.09 3.28214504253
9.1 3.32159109873
9.11 3.36434046549
9.12 3.41187795118
9.13 3.46635533715
9.14 3.52871762595
9.15 3.60037525024
9.16 3.68146067879
9.17 3.77197980667
9.18 3.87116262718
9.19 3.97701235773
9.2 4.08717838875
9.21 4.19995341876
9.22 4.31152908009
9.23 4.41968139859
9.24 4.5213560191
9.25 4.61473142522
9.26 4.69719857327
9.27 4.76772460995
9.28 4.82561502759
9.29 4.87050699902
9.3 4.90248406274
9.31 4.9222720607
9.32 4.93073948274
9.33 4.92899004597
9.34 4.91820343771
9.35 4.89973639026
9.36 4.87482106601
9.37 4.84467902362
9.38 4.81042182158
9.39 4.77310268419
9.4 4.73372845954
9.41 4.69252002146
9.42 4.65077176418
9.43 4.60867440509
9.44 4.56675915626
9.45 4.52549201961
9.46 4.48500650924
9.47 4.44574842658
9.48 4.40740064924
9.49 4.37066346639
9.5 4.33539138231
9.51 4.30151740445
9.52 4.26908666602
9.53 4.2382832899
9.54 4.20895780258
9.55 4.18121549292
9.56 4.15497809702
9.57 4.12997666219
9.58 4.10674858182
9.59 4.08473696217
9.6 4.06450683854
9.61 4.04628316189
9.62 4.03021454041
9.63 4.0171592412
9.64 4.00783181409
9.65 4.00379335296
9.66 4.00679842962
9.67 4.01949561826
9.68 4.04488277713
9.69 4.08667427671
9.7 4.14914294283
9.71 4.23559854342
9.72 4.35109388414
9.73 4.49585114462
9.74 4.66990669331
9.75 4.86882141086
9.76 5.08171937504
9.77 5.29230169686
9.78 5.48005853968
9.79 5.62021959366
9.8 5.69142835189
9.81 5.68082758343
9.82 5.58679335447
9.83 5.42043650709
9.84 5.20320668681
9.85 4.96235337029
9.86 4.71921072033
9.87 4.49566687697
9.88 4.30349829563
9.89 4.14576202067
9.9 4.0249280459
9.91 3.93575775492
9.92 3.8733366062
9.93 3.8317428306
9.94 3.80506706222
9.95 3.7888269416
9.96 3.77889144784
9.97 3.77305586434
9.98 3.7694353353
9.99 3.767127313
